1.487387 0.000000
1.487278 -0.025543
1.486951 -0.051208
1.486403 -0.076866
1.485637 -0.102512
1.484652 -0.128144
1.483448 -0.153756
1.482025 -0.179346
1.480384 -0.204909
1.478524 -0.230442
1.476447 -0.255941
1.474151 -0.281403
1.471639 -0.306823
1.468909 -0.332198
1.465963 -0.357524
1.462801 -0.382797
1.459423 -0.408014
1.455830 -0.433171
1.452022 -0.458263
1.448000 -0.483289
1.443765 -0.508243
1.439317 -0.533122
1.434657 -0.557923
1.429785 -0.582641
1.424702 -0.607273
1.419409 -0.631816
1.413907 -0.656266
1.408197 -0.680620
1.402279 -0.704872
1.396154 -0.729021
1.389823 -0.753063
1.383288 -0.776993
1.376548 -0.800809
1.369606 -0.824507
1.362461 -0.848084
1.355116 -0.871535
1.347571 -0.894858
1.339827 -0.918049
1.331886 -0.941105
1.323748 -0.964022
1.315415 -0.986796
1.306889 -1.009426
1.298169 -1.031906
1.289258 -1.054235
1.280157 -1.076408
1.270868 -1.098422
1.261391 -1.120275
1.251728 -1.141962
1.241880 -1.163481
1.231849 -1.184829
1.221637 -1.206002
1.211244 -1.226997
1.200673 -1.247811
1.189925 -1.268441
1.179002 -1.288885
1.167905 -1.309138
1.156635 -1.329198
1.145195 -1.349062
1.133586 -1.368728
1.121810 -1.388192
1.109868 -1.407451
1.097763 -1.426502
1.085496 -1.445344
1.073069 -1.463972
1.060484 -1.482384
1.047743 -1.500578
1.034846 -1.518551
1.021798 -1.536299
1.008598 -1.553822
0.995250 -1.571115
0.981756 -1.588177
0.968116 -1.605004
0.954334 -1.621595
0.940411 -1.637947
0.926349 -1.654057
0.912151 -1.669924
0.897818 -1.685544
0.883353 -1.700916
0.868758 -1.716037
0.854034 -1.730905
0.839185 -1.745518
0.824212 -1.759874
0.809117 -1.773970
0.793903 -1.787805
0.778572 -1.801376
0.763126 -1.814682
0.747568 -1.827720
0.731899 -1.840488
0.716123 -1.852985
0.700241 -1.865209
0.684255 -1.877159
0.668169 -1.888831
0.651984 -1.900225
0.635703 -1.911339
0.619329 -1.922170
0.602863 -1.932719
0.586308 -1.942983
0.569666 -1.952960
0.552941 -1.962649
0.536134 -1.972049
0.519248 -1.981158
0.502286 -1.989976
0.485249 -1.998499
0.468141 -2.006728
0.450964 -2.014662
0.433720 -2.022298
0.416412 -2.029636
0.399043 -2.036675
0.381615 -2.043414
0.364131 -2.049851
0.346593 -2.055986
0.329004 -2.061818
0.311367 -2.067347
0.293683 -2.072570
0.275956 -2.077488
0.258189 -2.082099
0.240383 -2.086404
0.222542 -2.090401
0.204668 -2.094089
0.186764 -2.097469
0.168833 -2.100540
0.150876 -2.103301
0.132897 -2.105752
0.114899 -2.107893
0.096884 -2.109723
0.078854 -2.111241
0.060813 -2.112449
0.042762 -2.113345
0.024706 -2.113929
0.006645 -2.114202
-0.011416 -2.114163
-0.029475 -2.113813
-0.047531 -2.113151
-0.065579 -2.112177
-0.083618 -2.110892
-0.101644 -2.109295
-0.119655 -2.107388
-0.137649 -2.105170
-0.155623 -2.102641
-0.173573 -2.099803
-0.191498 -2.096655
-0.209395 -2.093198
-0.227261 -2.089432
-0.245093 -2.085358
-0.262890 -2.080977
-0.280647 -2.076289
-0.298364 -2.071295
-0.316036 -2.065996
-0.333661 -2.060391
-0.351238 -2.054484
-0.368763 -2.048273
-0.386233 -2.041760
-0.403647 -2.034946
-0.421001 -2.027832
-0.438293 -2.020420
-0.455520 -2.012709
-0.472680 -2.004702
-0.489771 -1.996399
-0.506789 -1.987801
-0.523733 -1.978911
-0.540599 -1.969729
-0.557386 -1.960256
-0.574090 -1.950494
-0.590710 -1.940445
-0.607243 -1.930110
-0.623687 -1.919490
-0.640038 -1.908587
-0.656295 -1.897403
-0.672456 -1.885939
-0.688517 -1.874197
-0.704477 -1.862179
-0.720333 -1.849886
-0.736082 -1.837320
-0.751724 -1.824484
-0.767254 -1.811378
-0.782671 -1.798006
-0.797973 -1.784368
-0.813158 -1.770467
-0.828222 -1.756305
-0.843164 -1.741884
-0.857983 -1.727207
-0.872674 -1.712274
-0.887237 -1.697090
-0.901669 -1.681655
-0.915968 -1.665972
-0.930133 -1.650043
-0.944160 -1.633872
-0.958048 -1.617459
-0.971794 -1.600808
-0.985398 -1.583920
-0.998856 -1.566800
-1.012167 -1.549448
-1.025329 -1.531868
-1.038339 -1.514061
-1.051197 -1.496032
-1.063899 -1.477782
-1.076445 -1.459314
-1.088832 -1.440631
-1.101058 -1.421736
-1.113123 -1.402631
-1.125023 -1.383319
-1.136757 -1.363803
-1.148323 -1.344086
-1.159721 -1.324171
-1.170947 -1.304061
-1.182001 -1.283758
-1.192880 -1.263267
-1.203584 -1.242588
-1.214110 -1.221727
-1.224458 -1.200686
-1.234624 -1.179467
-1.244609 -1.158075
-1.254410 -1.136511
-1.264026 -1.114780
-1.273456 -1.092885
-1.282699 -1.070829
-1.291752 -1.048615
-1.300614 -1.026246
-1.309285 -1.003726
-1.317763 -0.981058
-1.326047 -0.958245
-1.334135 -0.935290
-1.342027 -0.912198
-1.349720 -0.888972
-1.357215 -0.865614
-1.364509 -0.842129
-1.371603 -0.818519
-1.378494 -0.794789
-1.385182 -0.770942
-1.391666 -0.746981
-1.397944 -0.722909
-1.404017 -0.698732
-1.409882 -0.674451
-1.415540 -0.650070
-1.420989 -0.625594
-1.426228 -0.601026
-1.431257 -0.576369
-1.436076 -0.551627
-1.440682 -0.526803
-1.445076 -0.501902
-1.449257 -0.476927
-1.453225 -0.451881
-1.456978 -0.426769
-1.460516 -0.401594
-1.463839 -0.376360
-1.466946 -0.351070
-1.469837 -0.325728
-1.472511 -0.300338
-1.474968 -0.274904
-1.477208 -0.249430
-1.479230 -0.223918
-1.481034 -0.198374
-1.482619 -0.172800
-1.483986 -0.147201
-1.485134 -0.121580
-1.486063 -0.095941
-1.486773 -0.070288
-1.487264 -0.044625
-1.487536 -0.018955
-1.487588 0.006718
-1.487421 0.032390
-1.487035 0.058057
-1.486429 0.083716
-1.485604 0.109362
-1.484561 0.134992
-1.483298 0.160602
-1.481817 0.186189
-1.480117 0.211748
-1.478199 0.237277
-1.476063 0.262770
-1.473709 0.288224
-1.471139 0.313636
-1.468351 0.339002
-1.465347 0.364317
-1.462126 0.389580
-1.458691 0.414784
-1.455040 0.439928
-1.451174 0.465006
-1.447095 0.490017
-1.442802 0.514955
-1.438297 0.539817
-1.433579 0.564599
-1.428651 0.589299
-1.423511 0.613911
-1.418162 0.638433
-1.412603 0.662861
-1.406837 0.687191
-1.400863 0.711420
-1.394682 0.735544
-1.388296 0.759560
-1.381705 0.783463
-1.374910 0.807251
-1.367913 0.830921
-1.360714 0.854467
-1.353314 0.877888
-1.345715 0.901179
-1.337917 0.924338
-1.329922 0.947360
-1.321731 0.970243
-1.313345 0.992982
-1.304766 1.015576
-1.295994 1.038019
-1.287031 1.060310
-1.277879 1.082444
-1.268537 1.104419
-1.259009 1.126230
-1.249296 1.147876
-1.239398 1.169353
-1.229317 1.190657
-1.219055 1.211786
-1.208613 1.232736
-1.197994 1.253504
-1.187197 1.274088
-1.176225 1.294484
-1.165080 1.314689
-1.153764 1.334700
-1.142277 1.354514
-1.130622 1.374129
-1.118800 1.393541
-1.106813 1.412748
-1.094663 1.431746
-1.082351 1.450534
-1.069880 1.469107
-1.057251 1.487464
-1.044466 1.505602
-1.031527 1.523518
-1.018437 1.541209
-1.005196 1.558673
-0.991806 1.575907
-0.978271 1.592909
-0.964591 1.609676
-0.950769 1.626206
-0.936807 1.642496
-0.922707 1.658544
-0.908471 1.674347
-0.894100 1.689903
-0.879598 1.705211
-0.864967 1.720267
-0.850207 1.735069
-0.835323 1.749616
-0.820315 1.763905
-0.805186 1.777933
-0.789938 1.791700
-0.774574 1.805202
-0.759096 1.818438
-0.743506 1.831407
-0.727806 1.844105
-0.711999 1.856531
-0.696087 1.868684
-0.680072 1.880561
-0.663957 1.892161
-0.647744 1.903482
-0.631436 1.914522
-0.615034 1.925280
-0.598542 1.935754
-0.581962 1.945943
-0.565295 1.955845
-0.548546 1.965459
-0.531715 1.974783
-0.514806 1.983816
-0.497821 1.992556
-0.480763 2.001002
-0.463634 2.009154
-0.446436 2.017009
-0.429173 2.024567
-0.411846 2.031827
-0.394458 2.038787
-0.377013 2.045446
-0.359512 2.051804
-0.341957 2.057859
-0.324353 2.063611
-0.306700 2.069059
-0.289002 2.074202
-0.271262 2.079038
-0.253482 2.083569
-0.235664 2.087792
-0.217811 2.091707
-0.199926 2.095314
-0.182012 2.098612
-0.164071 2.101601
-0.146106 2.104280
-0.128119 2.106649
-0.110114 2.108707
-0.092092 2.110454
-0.074056 2.111890
-0.056009 2.113014
-0.037955 2.113828
-0.019894 2.114329
-0.001831 2.114519
0.016233 2.114397
0.034294 2.113963
0.052350 2.113218
0.070399 2.112161
0.088437 2.110793
0.106462 2.109113
0.124471 2.107123
0.142463 2.104821
0.160433 2.102210
0.178379 2.099289
0.196299 2.096058
0.214191 2.092518
0.232051 2.088669
0.249876 2.084513
0.267665 2.080049
0.285414 2.075279
0.303121 2.070203
0.320784 2.064821
0.338399 2.059135
0.355965 2.053145
0.373478 2.046853
0.390936 2.040259
0.408336 2.033364
0.425676 2.026170
0.442953 2.018676
0.460166 2.010885
0.477310 2.002798
0.494384 1.994415
0.511385 1.985738
0.528310 1.976769
0.545158 1.967508
0.561926 1.957957
0.578610 1.948117
0.595210 1.937990
0.611721 1.927577
0.628143 1.916880
0.644472 1.905901
0.660705 1.894640
0.676842 1.883100
0.692879 1.871283
0.708813 1.859189
0.724643 1.846822
0.740366 1.834182
0.755981 1.821272
0.771483 1.808093
0.786872 1.794648
0.802145 1.780938
0.817300 1.766965
0.832334 1.752732
0.847246 1.738240
0.862032 1.723493
0.876692 1.708491
0.891222 1.693237
0.905621 1.677733
0.919887 1.661983
0.934016 1.645987
0.948009 1.629748
0.961861 1.613269
0.975572 1.596553
0.989138 1.579601
1.002559 1.562416
1.015833 1.545000
1.028956 1.527357
1.041928 1.509489
1.054746 1.491398
1.067409 1.473087
1.079914 1.454559
1.092260 1.435816
1.104445 1.416862
1.116467 1.397699
1.128325 1.378330
1.140017 1.358757
1.151540 1.338985
1.162893 1.319014
1.174075 1.298850
1.185084 1.278494
1.195919 1.257949
1.206577 1.237219
1.217057 1.216306
1.227358 1.195214
1.237477 1.173946
1.247415 1.152504
1.257168 1.130893
1.266736 1.109115
1.276118 1.087174
1.285311 1.065072
1.294315 1.042813
1.303127 1.020400
1.311748 0.997837
1.320176 0.975127
1.328408 0.952273
1.336445 0.929278
1.344285 0.906147
1.351927 0.882882
1.359370 0.859486
1.366612 0.835964
1.373652 0.812319
1.380490 0.788554
1.387125 0.764673
1.393555 0.740678
1.399779 0.716575
1.405798 0.692366
1.411609 0.668055
1.417212 0.643645
1.422605 0.619141
1.427790 0.594545
1.432763 0.569861
1.437526 0.545093
1.442076 0.520245
1.446414 0.495321
1.450539 0.470323
1.454450 0.445256
1.458146 0.420123
1.461628 0.394928
1.464894 0.369675
1.467944 0.344367
1.470777 0.319009
1.473394 0.293604
1.475794 0.268155
1.477976 0.242667
1.479940 0.217142
1.481686 0.191586
1.483213 0.166002
1.484522 0.140393
1.485612 0.114763
1.486482 0.089117
1.487134 0.063457
1.487567 0.037788
1.487780 0.012113
1.487774 -0.013564
1.487548 -0.039238
1.487103 -0.064907
1.486439 -0.090566
1.485556 -0.116212
1.484454 -0.141841
1.483132 -0.167449
1.481593 -0.193033
1.479834 -0.218587
1.477858 -0.244110
1.475664 -0.269597
1.473252 -0.295044
1.470623 -0.320447
1.467777 -0.345804
1.464715 -0.371109
1.461437 -0.396360
1.457943 -0.421552
1.454234 -0.446682
1.450311 -0.471747
1.446174 -0.496741
1.441824 -0.521663
1.437262 -0.546508
1.432487 -0.571272
1.427501 -0.595952
1.422305 -0.620544
1.416899 -0.645045
1.411284 -0.669450
1.405462 -0.693757
1.399431 -0.717962
1.393195 -0.742061
1.386753 -0.766050
1.380107 -0.789927
1.373257 -0.813687
1.366205 -0.837327
1.358951 -0.860844
1.351497 -0.884234
1.343844 -0.907493
1.335992 -0.930619
1.327944 -0.953608
1.319700 -0.976456
1.311261 -0.999160
1.302629 -1.021717
1.293805 -1.044123
1.284790 -1.066375
1.275586 -1.088470
1.266193 -1.110405
1.256614 -1.132176
1.246850 -1.153780
1.236902 -1.175214
1.226771 -1.196475
1.216460 -1.217559
1.205969 -1.238464
1.195300 -1.259186
1.184455 -1.279723
1.173436 -1.300071
1.162243 -1.320227
1.150880 -1.340189
1.139346 -1.359953
1.127644 -1.379517
1.115777 -1.398878
1.103744 -1.418032
1.091549 -1.436977
1.079193 -1.455710
1.066678 -1.474229
1.054006 -1.492530
1.041178 -1.510612
1.028197 -1.528470
1.015064 -1.546103
1.001781 -1.563509
0.988351 -1.580684
0.974775 -1.597626
0.961055 -1.614332
0.947194 -1.630800
0.933193 -1.647028
0.919054 -1.663014
0.904780 -1.678754
0.890372 -1.694246
0.875833 -1.709489
0.861165 -1.724479
0.846370 -1.739216
0.831450 -1.753696
0.816408 -1.767918
0.801245 -1.781879
0.785964 -1.795577
0.770567 -1.809010
0.755057 -1.822177
0.739435 -1.835075
0.723704 -1.847703
0.707867 -1.860058
0.691925 -1.872139
0.675881 -1.883945
0.659737 -1.895472
0.643496 -1.906720
0.627161 -1.917687
0.610732 -1.928371
0.594214 -1.938770
0.577608 -1.948884
0.560917 -1.958711
0.544143 -1.968249
0.527289 -1.977497
0.510357 -1.986453
0.493350 -1.995116
0.476270 -2.003485
0.459120 -2.011559
0.441902 -2.019336
0.424619 -2.026816
0.407274 -2.033997
0.389868 -2.040878
0.372405 -2.047458
0.354887 -2.053736
0.337316 -2.059711
0.319696 -2.065383
0.302029 -2.070750
0.284317 -2.075812
0.266563 -2.080568
0.248770 -2.085017
0.230940 -2.089159
0.213076 -2.092993
0.195181 -2.096518
0.177257 -2.099734
0.159307 -2.102640
0.141333 -2.105237
0.123338 -2.107523
0.105326 -2.109499
0.087297 -2.111163
0.069256 -2.112516
0.051204 -2.113558
0.033145 -2.114288
0.015081 -2.114707
-0.002985 -2.114813
-0.021051 -2.114608
-0.039113 -2.114091
-0.057170 -2.113263
-0.075219 -2.112123
-0.093256 -2.110671
-0.111280 -2.108908
-0.129287 -2.106835
-0.147276 -2.104451
-0.165242 -2.101756
-0.183185 -2.098752
-0.201100 -2.095438
-0.218986 -2.091815
-0.236839 -2.087884
-0.254658 -2.083645
-0.272439 -2.079099
-0.290179 -2.074246
-0.307878 -2.069088
-0.325530 -2.063624
-0.343135 -2.057857
-0.360689 -2.051785
-0.378190 -2.045412
-0.395635 -2.038736
-0.413022 -2.031761
-0.430348 -2.024485
-0.447611 -2.016911
-0.464808 -2.009040
-0.481936 -2.000873
-0.498993 -1.992410
-0.515977 -1.983654
-0.532884 -1.974605
-0.549713 -1.965266
-0.566461 -1.955636
-0.583126 -1.945718
-0.599704 -1.935513
-0.616194 -1.925023
-0.632594 -1.914249
-0.648900 -1.903193
-0.665110 -1.891856
-0.681222 -1.880241
-0.697234 -1.868348
-0.713143 -1.856179
-0.728947 -1.843737
-0.744644 -1.831023
-0.760231 -1.818040
-0.775706 -1.804788
-0.791066 -1.791270
-0.806310 -1.777488
-0.821435 -1.763443
-0.836439 -1.749139
-0.851319 -1.734577
-0.866074 -1.719759
-0.880702 -1.704688
-0.895199 -1.689365
-0.909565 -1.673794
-0.923796 -1.657975
-0.937892 -1.641912
-0.951849 -1.625607
-0.965665 -1.609062
-0.979340 -1.592280
-0.992870 -1.575263
-1.006253 -1.558014
-1.019489 -1.540535
-1.032574 -1.522829
-1.045507 -1.504899
-1.058285 -1.486746
-1.070908 -1.468375
-1.083373 -1.449787
-1.095678 -1.430985
-1.107821 -1.411972
-1.119802 -1.392751
-1.131617 -1.373325
-1.143265 -1.353696
-1.154745 -1.333867
-1.166055 -1.313842
-1.177192 -1.293623
-1.188156 -1.273214
-1.198945 -1.252616
-1.209558 -1.231834
-1.219991 -1.210871
-1.230246 -1.189728
-1.240318 -1.168411
-1.250208 -1.146921
-1.259914 -1.125262
-1.269433 -1.103437
-1.278766 -1.081449
-1.287910 -1.059302
-1.296864 -1.036999
-1.305627 -1.014542
-1.314198 -0.991936
-1.322575 -0.969184
-1.330757 -0.946289
-1.338742 -0.923255
-1.346531 -0.900084
-1.354121 -0.876781
-1.361511 -0.853348
-1.368700 -0.829789
-1.375688 -0.806108
-1.382473 -0.782309
-1.389054 -0.758393
-1.395430 -0.734367
-1.401601 -0.710231
-1.407564 -0.685991
-1.413321 -0.661650
-1.418869 -0.637211
-1.424208 -0.612679
-1.429337 -0.588055
-1.434255 -0.563346
-1.438961 -0.538553
-1.443456 -0.513680
-1.447738 -0.488732
-1.451806 -0.463712
-1.455660 -0.438624
-1.459300 -0.413470
-1.462725 -0.388256
-1.465934 -0.362985
-1.468926 -0.337660
-1.471703 -0.312285
-1.474262 -0.286864
-1.476604 -0.261401
-1.478728 -0.235899
-1.480634 -0.210362
-1.482322 -0.184795
-1.483791 -0.159200
-1.485042 -0.133581
-1.486074 -0.107943
-1.486886 -0.082289
-1.487479 -0.056623
-1.487854 -0.030948
-1.488008 -0.005269
-1.487944 0.020411
-1.487659 0.046088
-1.487156 0.071758
-1.486433 0.097418
-1.485492 0.123064
-1.484331 0.148691
-1.482951 0.174296
-1.481353 0.199876
-1.479536 0.225426
-1.477502 0.250943
-1.475249 0.276423
-1.472779 0.301863
-1.470092 0.327258
-1.467188 0.352604
-1.464067 0.377899
-1.460731 0.403138
-1.457180 0.428318
-1.453413 0.453434
-1.449433 0.478484
-1.445238 0.503463
-1.440831 0.528368
-1.436211 0.553195
-1.431379 0.577940
-1.426337 0.602601
-1.421084 0.627172
-1.415621 0.651651
-1.409950 0.676035
-1.404071 0.700318
-1.397985 0.724498
-1.391693 0.748572
-1.385196 0.772535
-1.378494 0.796384
-1.371589 0.820116
-1.364482 0.843727
-1.357174 0.867213
-1.349666 0.890572
-1.341958 0.913799
-1.334053 0.936892
-1.325951 0.959847
-1.317654 0.982660
-1.309162 1.005328
-1.300478 1.027849
-1.291601 1.050217
-1.282535 1.072431
-1.273279 1.094487
-1.263835 1.116381
-1.254205 1.138111
-1.244390 1.159673
-1.234392 1.181064
-1.224212 1.202281
-1.213851 1.223321
-1.203311 1.244180
-1.192594 1.264857
-1.181701 1.285346
-1.170633 1.305646
-1.159393 1.325754
-1.147983 1.345666
-1.136402 1.365380
-1.124655 1.384892
-1.112741 1.404201
-1.100664 1.423302
-1.088424 1.442194
-1.076023 1.460873
-1.063465 1.479336
-1.050749 1.497582
-1.037878 1.515607
-1.024854 1.533408
-1.011679 1.550983
-0.998355 1.568330
-0.984884 1.585445
-0.971268 1.602327
-0.957508 1.618973
-0.943607 1.635379
-0.929567 1.651545
-0.915390 1.667467
-0.901078 1.683144
-0.886634 1.698572
-0.872058 1.713750
-0.857354 1.728675
-0.842523 1.743346
-0.827568 1.757759
-0.812491 1.771913
-0.797295 1.785806
-0.781981 1.799436
-0.766551 1.812801
-0.751009 1.825898
-0.735355 1.838726
-0.719594 1.851283
-0.703726 1.863567
-0.687754 1.875577
-0.671681 1.887309
-0.655509 1.898764
-0.639240 1.909939
-0.622877 1.920832
-0.606423 1.931442
-0.589878 1.941767
-0.573247 1.951806
-0.556531 1.961557
-0.539734 1.971019
-0.522856 1.980190
-0.505902 1.989070
-0.488872 1.997656
-0.471771 2.005948
-0.454600 2.013944
-0.437363 2.021643
-0.420060 2.029044
-0.402696 2.036146
-0.385272 2.042948
-0.367792 2.049448
-0.350257 2.055647
-0.332671 2.061542
-0.315035 2.067133
-0.297353 2.072420
-0.279628 2.077401
-0.261860 2.082076
-0.244055 2.086444
-0.226213 2.090504
-0.208338 2.094256
-0.190432 2.097700
-0.172499 2.100834
-0.154539 2.103658
-0.136557 2.106172
-0.118555 2.108376
-0.100535 2.110269
-0.082501 2.111850
-0.064454 2.113121
-0.046397 2.114080
-0.028334 2.114727
-0.010267 2.115062
0.007802 2.115086
0.025870 2.114798
0.043934 2.114197
0.061991 2.113286
0.080040 2.112062
0.098076 2.110528
0.116098 2.108682
0.134104 2.106525
0.152089 2.104058
0.170052 2.101280
0.187990 2.098193
0.205900 2.094796
0.223780 2.091091
0.241627 2.087077
0.259438 2.082755
0.277211 2.078127
0.294943 2.073192
0.312632 2.067951
0.330274 2.062406
0.347868 2.056556
0.365411 2.050403
0.382900 2.043948
0.400332 2.037192
0.417706 2.030135
0.435018 2.022779
0.452265 2.015125
0.469446 2.007173
0.486558 1.998926
0.503598 1.990384
0.520564 1.981548
0.537454 1.972421
0.554264 1.963002
0.570992 1.953294
0.587636 1.943298
0.604193 1.933016
0.620662 1.922448
0.637039 1.911598
0.653322 1.900465
0.669509 1.889052
0.685597 1.877361
0.701584 1.865392
0.717467 1.853149
0.733245 1.840633
0.748915 1.827845
0.764474 1.814788
0.779921 1.801463
0.795253 1.787872
0.810467 1.774018
0.825562 1.759902
0.840535 1.745527
0.855385 1.730895
0.870108 1.716007
0.884703 1.700866
0.899168 1.685475
0.913500 1.669835
0.927697 1.653949
0.941758 1.637819
0.955680 1.621447
0.969461 1.604836
0.983099 1.587989
0.996592 1.570908
1.009938 1.553595
1.023135 1.536053
1.036182 1.518284
1.049075 1.500292
1.061814 1.482078
1.074397 1.463646
1.086821 1.444998
1.099085 1.426137
1.111187 1.407066
1.123125 1.387787
1.134898 1.368304
1.146503 1.348618
1.157939 1.328734
1.169204 1.308655
1.180298 1.288382
1.191217 1.267919
1.201960 1.247269
1.212527 1.226435
1.222914 1.205421
1.233121 1.184229
1.243147 1.162862
1.252989 1.141323
1.262647 1.119617
1.272118 1.097745
1.281402 1.075711
1.290497 1.053519
1.299401 1.031172
1.308114 1.008672
1.316635 0.986024
1.324961 0.963230
1.333092 0.940294
1.341026 0.917220
1.348763 0.894010
1.356300 0.870669
1.363638 0.847199
1.370775 0.823604
1.377710 0.799888
1.384441 0.776053
1.390969 0.752105
1.397291 0.728045
1.403407 0.703878
1.409317 0.679607
1.415019 0.655237
1.420512 0.630769
1.425795 0.606208
1.430869 0.581558
1.435731 0.556823
1.440382 0.532005
1.444821 0.507108
1.449046 0.482137
1.453058 0.457095
1.456856 0.431985
1.460439 0.406812
1.463806 0.381578
1.466958 0.356289
1.469894 0.330946
1.472612 0.305555
1.475114 0.280119
1.477398 0.254642
1.479465 0.229127
1.481313 0.203578
1.482943 0.177999
1.484354 0.152394
1.485547 0.126766
1.486520 0.101120
1.487274 0.075459
1.487809 0.049786
1.488125 0.024106
1.488221 -0.001577
1.488098 -0.027260
1.487755 -0.052939
1.487193 -0.078611
1.486412 -0.104271
1.485412 -0.129915
1.484193 -0.155541
1.482755 -0.181143
1.481098 -0.206719
1.479223 -0.232264
1.477130 -0.257775
1.474819 -0.283249
1.472290 -0.308680
1.469545 -0.334066
1.466583 -0.359403
1.463404 -0.384687
1.460010 -0.409914
1.456401 -0.435080
1.452577 -0.460183
1.448538 -0.485218
1.444287 -0.510181
1.439822 -0.535069
1.435145 -0.559878
1.430256 -0.584605
1.425157 -0.609245
1.419847 -0.633796
1.414328 -0.658253
1.408601 -0.682614
1.402666 -0.706873
1.396524 -0.731029
1.390176 -0.755076
1.383623 -0.779013
1.376866 -0.802834
1.369907 -0.826538
1.362745 -0.850119
1.355382 -0.873575
1.347820 -0.896903
1.340058 -0.920098
1.332099 -0.943157
1.323944 -0.966078
1.315594 -0.988856
1.307049 -1.011488
1.298312 -1.033972
1.289384 -1.056302
1.280265 -1.078477
1.270958 -1.100494
1.261463 -1.122347
1.251782 -1.144036
1.241917 -1.165556
1.231869 -1.186904
1.221639 -1.208077
1.211228 -1.229072
1.200640 -1.249886
1.189874 -1.270515
1.178933 -1.290957
1.167818 -1.311209
1.156530 -1.331268
1.145073 -1.351130
1.133446 -1.370793
1.121652 -1.390255
1.109693 -1.409511
1.097571 -1.428559
1.085286 -1.447397
1.072841 -1.466021
1.060239 -1.484430
1.047480 -1.502619
1.034566 -1.520587
1.021500 -1.538331
1.008283 -1.555848
0.994918 -1.573136
0.981406 -1.590192
0.967749 -1.607013
0.953950 -1.623597
0.940010 -1.639942
0.925931 -1.656046
0.911716 -1.671905
0.897366 -1.687518
0.882884 -1.702882
0.868272 -1.717994
0.853532 -1.732854
0.838666 -1.747458
0.823677 -1.761805
0.808565 -1.775892
0.793335 -1.789717
0.777988 -1.803278
0.762526 -1.816573
0.746951 -1.829601
0.731267 -1.842358
0.715474 -1.854845
0.699576 -1.867057
0.683575 -1.878995
0.667473 -1.890655
0.651273 -1.902037
0.634977 -1.913138
0.618587 -1.923958
0.602105 -1.934493
0.585535 -1.944744
0.568879 -1.954708
0.552139 -1.964383
0.535317 -1.973769
0.518417 -1.982864
0.501440 -1.991667
0.484389 -2.000176
0.467266 -2.008390
0.450075 -2.016308
0.432817 -2.023929
0.415496 -2.031251
0.398113 -2.038274
0.380671 -2.044997
0.363174 -2.051418
0.345622 -2.057536
0.328020 -2.063352
0.310370 -2.068863
0.292673 -2.074069
0.274934 -2.078969
0.257154 -2.083563
0.239336 -2.087849
0.221482 -2.091828
0.203596 -2.095498
0.185680 -2.098860
0.167737 -2.101912
0.149769 -2.104654
0.131778 -2.107085
0.113769 -2.109207
0.095742 -2.111017
0.077702 -2.112516
0.059650 -2.113703
0.041589 -2.114579
0.023522 -2.115143
0.005451 -2.115396
-0.012620 -2.115336
-0.030690 -2.114965
-0.048755 -2.114281
-0.066813 -2.113286
-0.084861 -2.111980
-0.102897 -2.110362
-0.120917 -2.108433
-0.138919 -2.106193
-0.156902 -2.103643
-0.174861 -2.100782
-0.192794 -2.097612
-0.210699 -2.094132
-0.228573 -2.090344
-0.246413 -2.086247
-0.264217 -2.081843
-0.281981 -2.077132
-0.299705 -2.072115
-0.317384 -2.066793
-0.335016 -2.061165
-0.352599 -2.055234
-0.370130 -2.048999
-0.387607 -2.042463
-0.405026 -2.035625
-0.422386 -2.028488
-0.439683 -2.021051
-0.456916 -2.013316
-0.474081 -2.005285
-0.491177 -1.996957
-0.508200 -1.988336
-0.525148 -1.979421
-0.542019 -1.970214
-0.558809 -1.960717
-0.575518 -1.950931
-0.592141 -1.940857
-0.608678 -1.930497
-0.625124 -1.919853
-0.641479 -1.908925
-0.657739 -1.897716
-0.673902 -1.886227
-0.689965 -1.874460
-0.705927 -1.862417
-0.721785 -1.850099
-0.737536 -1.837508
-0.753179 -1.824646
-0.768711 -1.811516
-0.784129 -1.798118
-0.799432 -1.784455
-0.814617 -1.770529
-0.829682 -1.756342
-0.844625 -1.741896
-0.859443 -1.727193
-0.874134 -1.712236
-0.888696 -1.697026
-0.903128 -1.681566
-0.917426 -1.665858
-0.931589 -1.649904
-0.945615 -1.633707
-0.959502 -1.617269
-0.973247 -1.600593
-0.986848 -1.583681
-1.000304 -1.566535
-1.013613 -1.549158
-1.026772 -1.531553
-1.039780 -1.513722
-1.052634 -1.495668
-1.065333 -1.477393
-1.077876 -1.458900
-1.090259 -1.440193
-1.102482 -1.421273
-1.114542 -1.402143
-1.126437 -1.382807
-1.138167 -1.363267
-1.149729 -1.343526
-1.161122 -1.323586
-1.172343 -1.303452
-1.183391 -1.283125
-1.194265 -1.262609
-1.204963 -1.241907
-1.215484 -1.221022
-1.225825 -1.199957
-1.235985 -1.178715
-1.245963 -1.157299
-1.255758 -1.135713
-1.265367 -1.113958
-1.274790 -1.092040
-1.284025 -1.069961
-1.293070 -1.047724
-1.301925 -1.025332
-1.310588 -1.002790
-1.319058 -0.980099
-1.327334 -0.957264
-1.335413 -0.934288
-1.343296 -0.911174
-1.350981 -0.887925
-1.358467 -0.864546
-1.365752 -0.841039
-1.372836 -0.817408
-1.379717 -0.793657
-1.386396 -0.769788
-1.392869 -0.745806
-1.399138 -0.721714
-1.405200 -0.697516
-1.411055 -0.673215
-1.416702 -0.648814
-1.422140 -0.624318
-1.427369 -0.599730
-1.432387 -0.575053
-1.437194 -0.550292
-1.441789 -0.525449
-1.446171 -0.500529
-1.450340 -0.475535
-1.454296 -0.450471
-1.458037 -0.425340
-1.461563 -0.400147
-1.464873 -0.374895
-1.467968 -0.349587
-1.470846 -0.324228
-1.473507 -0.298821
-1.475951 -0.273370
-1.478178 -0.247878
-1.480186 -0.222350
-1.481977 -0.196790
-1.483549 -0.171200
-1.484902 -0.145585
-1.486036 -0.119948
-1.486951 -0.094294
-1.487647 -0.068625
-1.488124 -0.042947
-1.488381 -0.017262
-1.488418 0.008425
-1.488237 0.034111
-1.487836 0.059792
-1.487215 0.085464
-1.486375 0.111124
-1.485317 0.136768
-1.484039 0.162391
-1.482542 0.187990
-1.480827 0.213562
-1.478893 0.239102
-1.476742 0.264607
-1.474373 0.290073
-1.471786 0.315496
-1.468982 0.340873
-1.465962 0.366200
-1.462726 0.391472
-1.459274 0.416687
-1.455606 0.441840
-1.451725 0.466929
-1.447629 0.491948
-1.443320 0.516895
-1.438798 0.541766
-1.434063 0.566557
-1.429118 0.591265
-1.423962 0.615885
-1.418595 0.640415
-1.413020 0.664850
-1.407236 0.689187
-1.401245 0.713423
-1.395047 0.737553
-1.388644 0.761575
-1.382036 0.785485
-1.375224 0.809278
-1.368209 0.832953
-1.360992 0.856505
-1.353575 0.879930
-1.345959 0.903226
-1.338144 0.926388
-1.330131 0.949414
-1.321923 0.972300
-1.313519 0.995043
-1.304922 1.017639
-1.296133 1.040085
-1.287152 1.062378
-1.277982 1.084514
-1.268623 1.106490
-1.259077 1.128304
-1.249346 1.149950
-1.239430 1.171428
-1.229332 1.192732
-1.219052 1.213861
-1.208593 1.234811
-1.197955 1.255579
-1.187141 1.276162
-1.176151 1.296557
-1.164989 1.316760
-1.153654 1.336769
-1.142150 1.356582
-1.130477 1.376194
-1.118637 1.395604
-1.106633 1.414807
-1.094465 1.433803
-1.082136 1.452587
-1.069647 1.471156
-1.057001 1.489509
-1.044199 1.507642
-1.031243 1.525553
-1.018134 1.543239
-1.004876 1.560698
-0.991469 1.577926
-0.977917 1.594922
-0.964220 1.611683
-0.950381 1.628206
-0.936402 1.644489
-0.922284 1.660530
-0.908031 1.676326
-0.893644 1.691875
-0.879125 1.707174
-0.864477 1.722222
-0.849701 1.737016
-0.834799 1.751554
-0.819775 1.765833
-0.804630 1.779852
-0.789366 1.793609
-0.773986 1.807101
-0.758491 1.820327
-0.742885 1.833285
-0.727169 1.845972
-0.711346 1.858388
-0.695418 1.870529
-0.679388 1.882394
-0.663257 1.893982
-0.647029 1.905291
-0.630705 1.916319
-0.614288 1.927064
-0.597781 1.937525
-0.581185 1.947701
-0.564504 1.957590
-0.547739 1.967189
-0.530894 1.976499
-0.513970 1.985518
-0.496971 1.994243
-0.479898 2.002675
-0.462755 2.010812
-0.445543 2.018652
-0.428266 2.026194
-0.410925 2.033438
-0.393524 2.040382
-0.376065 2.047025
-0.358550 2.053366
-0.340983 2.059405
-0.323365 2.065140
-0.305699 2.070571
-0.287989 2.075696
-0.270236 2.080515
-0.252443 2.085028
-0.234613 2.089233
-0.216748 2.093130
-0.198851 2.096718
-0.180925 2.099998
-0.162972 2.102968
-0.144995 2.105628
-0.126997 2.107977
-0.108980 2.110015
-0.090947 2.111743
-0.072901 2.113159
-0.054843 2.114264
-0.036778 2.115057
-0.018707 2.115538
-0.000634 2.115707
0.017440 2.115564
0.035511 2.115110
0.053577 2.114343
0.071635 2.113265
0.089683 2.111875
0.107717 2.110174
0.125735 2.108162
0.143735 2.105839
0.161714 2.103205
0.179669 2.100262
0.197598 2.097008
0.215497 2.093446
0.233364 2.089575
0.251198 2.085396
0.268994 2.080909
0.286750 2.076116
0.304465 2.071017
0.322134 2.065612
0.339756 2.059902
0.357328 2.053889
0.374847 2.047574
0.392311 2.040956
0.409717 2.034037
0.427063 2.026819
0.444346 2.019301
0.461563 2.011486
0.478713 2.003375
0.495791 1.994968
0.512797 1.986267
0.529727 1.977273
0.546579 1.967987
0.563351 1.958411
0.580039 1.948547
0.596642 1.938395
0.613157 1.927958
0.629581 1.917236
0.645913 1.906232
0.662150 1.894946
0.678289 1.883381
0.694328 1.871539
0.710264 1.859421
0.726096 1.847028
0.741821 1.834363
0.757437 1.821428
0.772941 1.808224
0.788331 1.794753
0.803604 1.781018
0.818760 1.767020
0.833794 1.752762
0.848706 1.738245
0.863493 1.723472
0.878152 1.708445
0.892682 1.693166
0.907080 1.677638
0.921344 1.661862
0.935473 1.645841
0.949464 1.629577
0.963315 1.613073
0.977024 1.596331
0.990588 1.579354
1.004007 1.562144
1.017278 1.544704
1.030399 1.527036
1.043368 1.509142
1.056183 1.491027
1.068842 1.472691
1.081344 1.454138
1.093686 1.435371
1.105868 1.416392
1.117886 1.397205
1.129739 1.377811
1.141426 1.358214
1.152944 1.338417
1.164293 1.318423
1.175470 1.298234
1.186474 1.277854
1.197302 1.257285
1.207955 1.236531
1.218429 1.215595
1.228723 1.194479
1.238837 1.173187
1.248767 1.151723
1.258514 1.130088
1.268075 1.108287
1.277449 1.086322
1.286635 1.064198
1.295631 1.041916
1.304437 1.019481
1.313049 0.996895
1.321469 0.974162
1.329693 0.951286
1.337722 0.928269
1.345553 0.905116
1.353186 0.881829
1.360619 0.858412
1.367852 0.834869
1.374883 0.811202
1.381711 0.787416
1.388336 0.763513
1.394756 0.739498
1.400971 0.715374
1.406978 0.691145
1.412779 0.666813
1.418371 0.642383
1.423754 0.617859
1.428927 0.593243
1.433890 0.568540
1.438641 0.543753
1.443180 0.518886
1.447506 0.493942
1.451619 0.468926
1.455518 0.443840
1.459202 0.418689
1.462671 0.393476
1.465925 0.368205
1.468962 0.342880
1.471783 0.317504
1.474387 0.292081
1.476773 0.266616
1.478942 0.241110
1.480893 0.215570
1.482625 0.189997
1.484139 0.164397
1.485434 0.138772
1.486510 0.113127
1.487367 0.087465
1.488004 0.061790
1.488422 0.036106
1.488621 0.010416
1.488600 -0.015275
1.488360 -0.040963
1.487900 -0.066646
1.487221 -0.092319
1.486323 -0.117978
1.485206 -0.143620
1.483869 -0.169241
1.482314 -0.194837
1.480540 -0.220404
1.478548 -0.245939
1.476339 -0.271438
1.473911 -0.296896
1.471266 -0.322311
1.468404 -0.347678
1.465326 -0.372994
1.462031 -0.398255
1.458522 -0.423458
1.454797 -0.448598
1.450857 -0.473672
1.446704 -0.498676
1.442337 -0.523606
1.437758 -0.548460
1.432967 -0.573232
1.427964 -0.597921
1.422751 -0.622521
1.417328 -0.647029
1.411696 -0.671442
1.405857 -0.695756
1.399809 -0.719967
1.393556 -0.744072
1.387097 -0.768068
1.380433 -0.791950
1.373566 -0.815716
1.366497 -0.839361
1.359225 -0.862883
1.351754 -0.886277
1.344083 -0.909541
1.336214 -0.932671
1.328148 -0.955663
1.319887 -0.978514
1.311430 -1.001222
1.302781 -1.023781
1.293939 -1.046190
1.284906 -1.068444
1.275684 -1.090541
1.266274 -1.112477
1.256677 -1.134250
1.246895 -1.155855
1.236929 -1.177289
1.226781 -1.198550
1.216452 -1.219635
1.205943 -1.240539
1.195257 -1.261261
1.184394 -1.281797
1.173357 -1.302144
1.162147 -1.322299
1.150765 -1.342259
1.139214 -1.362021
1.127495 -1.381582
1.115610 -1.400940
1.103560 -1.420091
1.091347 -1.439033
1.078974 -1.457762
1.066441 -1.476277
1.053751 -1.494574
1.040906 -1.512651
1.027907 -1.530505
1.014757 -1.548133
1.001457 -1.565533
0.988009 -1.582702
0.974416 -1.599638
0.960679 -1.616338
0.946801 -1.632800
0.932783 -1.649021
0.918627 -1.664999
0.904336 -1.680731
0.889911 -1.696216
0.875356 -1.711450
0.860671 -1.726433
0.845859 -1.741161
0.830923 -1.755632
0.815864 -1.769844
0.800685 -1.783795
0.785387 -1.797484
0.769974 -1.810907
0.754448 -1.824064
0.738810 -1.836951
0.723063 -1.849568
0.707209 -1.861912
0.691252 -1.873982
0.675192 -1.885775
0.659033 -1.897290
0.642777 -1.908526
0.626425 -1.919480
0.609982 -1.930151
0.593448 -1.940538
0.576827 -1.950639
0.560121 -1.960452
0.543333 -1.969976
0.526464 -1.979209
0.509517 -1.988151
0.492496 -1.996800
0.475402 -2.005154
0.458237 -2.013213
0.441006 -2.020975
0.423709 -2.028439
0.406349 -2.035604
0.388930 -2.042469
0.371453 -2.049032
0.353922 -2.055294
0.336338 -2.061253
0.318705 -2.066907
0.301025 -2.072257
0.283300 -2.077302
0.265534 -2.082040
0.247728 -2.086471
0.229886 -2.090595
0.212010 -2.094410
0.194102 -2.097917
0.176166 -2.101115
0.158204 -2.104002
0.140219 -2.106580
0.122213 -2.108846
0.104189 -2.110802
0.086150 -2.112447
0.068097 -2.113780
0.050035 -2.114802
0.031966 -2.115512
0.013891 -2.115910
-0.004185 -2.115996
-0.022261 -2.115770
-0.040333 -2.115232
-0.058400 -2.114383
-0.076458 -2.113221
-0.094505 -2.111748
-0.112538 -2.109964
-0.130554 -2.107869
-0.148551 -2.105462
-0.166526 -2.102746
-0.184477 -2.099719
-0.202400 -2.096383
-0.220294 -2.092738
-0.238155 -2.088784
-0.255981 -2.084522
-0.273770 -2.079953
-0.291518 -2.075078
-0.309223 -2.069896
-0.326882 -2.064409
-0.344494 -2.058618
-0.362054 -2.052523
-0.379561 -2.046126
-0.397013 -2.039427
-0.414405 -2.032427
-0.431737 -2.025128
-0.449005 -2.017530
-0.466207 -2.009635
-0.483340 -2.001443
-0.500402 -1.992956
-0.517390 -1.984176
-0.534302 -1.975103
-0.551135 -1.965738
-0.567887 -1.956084
-0.584555 -1.946142
-0.601137 -1.935912
-0.617631 -1.925397
-0.634033 -1.914599
-0.650342 -1.903518
-0.666555 -1.892156
-0.682670 -1.880515
-0.698684 -1.868597
-0.714595 -1.856404
-0.730401 -1.843937
-0.746099 -1.831198
-0.761688 -1.818189
-0.777163 -1.804912
-0.792525 -1.791369
-0.807769 -1.777561
-0.822895 -1.763492
-0.837899 -1.749163
-0.852780 -1.734575
-0.867535 -1.719732
-0.882162 -1.704636
-0.896659 -1.689288
-0.911023 -1.673691
-0.925254 -1.657847
-0.939348 -1.641759
-0.953304 -1.625429
-0.967119 -1.608859
-0.980791 -1.592052
-0.994319 -1.575010
-1.007701 -1.557736
-1.020934 -1.540232
-1.034016 -1.522501
-1.046946 -1.504546
-1.059721 -1.486369
-1.072341 -1.467972
-1.084802 -1.449359
-1.097103 -1.430533
-1.109243 -1.411496
-1.121219 -1.392250
-1.133030 -1.372799
-1.144674 -1.353146
-1.156149 -1.333293
-1.167453 -1.313244
-1.178586 -1.293001
-1.189544 -1.272567
-1.200328 -1.251946
-1.210934 -1.231140
-1.221362 -1.210153
-1.231610 -1.188987
-1.241676 -1.167646
-1.251559 -1.146133
-1.261258 -1.124450
-1.270771 -1.102602
-1.280096 -1.080591
-1.289233 -1.058421
-1.298179 -1.036095
-1.306935 -1.013616
-1.315497 -0.990988
-1.323866 -0.968214
-1.332039 -0.945296
-1.340016 -0.922240
-1.347796 -0.899047
-1.355377 -0.875722
-1.362758 -0.852268
-1.369938 -0.828688
-1.376916 -0.804985
-1.383691 -0.781165
-1.390263 -0.757228
-1.396629 -0.733181
-1.402789 -0.709025
-1.408743 -0.684764
-1.414488 -0.660403
-1.420026 -0.635944
-1.425354 -0.611392
-1.430471 -0.586749
-1.435378 -0.562019
-1.440074 -0.537207
-1.444557 -0.512316
-1.448827 -0.487349
-1.452883 -0.462310
-1.456725 -0.437203
-1.460353 -0.412031
-1.463765 -0.386799
-1.466961 -0.361510
-1.469941 -0.336167
-1.472705 -0.310775
-1.475251 -0.285337
-1.477580 -0.259857
-1.479691 -0.234338
-1.481584 -0.208785
-1.483258 -0.183201
-1.484714 -0.157590
-1.485950 -0.131956
-1.486968 -0.106302
-1.487767 -0.080633
-1.488346 -0.054951
-1.488705 -0.029262
-1.488846 -0.003568
-1.488766 0.022126
-1.488468 0.047817
-1.487949 0.073501
-1.487212 0.099175
-1.486255 0.124833
-1.485079 0.150474
-1.483684 0.176092
-1.482071 0.201684
-1.480238 0.227247
-1.478188 0.252776
-1.475920 0.278267
-1.473434 0.303718
-1.470731 0.329124
-1.467811 0.354482
-1.464674 0.379787
-1.461322 0.405036
-1.457754 0.430226
-1.453971 0.455352
-1.449974 0.480412
-1.445763 0.505400
-1.441339 0.530314
-1.436703 0.555150
-1.431855 0.579903
-1.426795 0.604572
-1.421525 0.629151
-1.416046 0.653638
-1.410358 0.678028
-1.404462 0.702318
-1.398359 0.726505
-1.392049 0.750585
-1.385535 0.774554
-1.378816 0.798409
-1.371894 0.822146
-1.364769 0.845762
-1.357444 0.869254
-1.349918 0.892617
-1.342193 0.915848
-1.334270 0.938945
-1.326151 0.961903
-1.317836 0.984720
-1.309327 1.007391
-1.300625 1.029914
-1.291731 1.052285
-1.282646 1.074501
-1.273373 1.096559
-1.263911 1.118454
-1.254264 1.140185
-1.244431 1.161748
-1.234415 1.183140
-1.224217 1.204357
-1.213838 1.225397
-1.203281 1.246256
-1.192546 1.266931
-1.181635 1.287420
-1.170550 1.307719
-1.159292 1.327825
-1.147864 1.347735
-1.136266 1.367447
-1.124501 1.386957
-1.112569 1.406262
-1.100474 1.425361
-1.088217 1.444249
-1.075799 1.462924
-1.063222 1.481384
-1.050489 1.499625
-1.037601 1.517645
-1.024560 1.535441
-1.011368 1.553011
-0.998026 1.570353
-0.984538 1.587462
-0.970904 1.604338
-0.957128 1.620977
-0.943210 1.637377
-0.929153 1.653536
-0.914959 1.669451
-0.900630 1.685119
-0.886168 1.700540
-0.871576 1.715710
-0.856855 1.730626
-0.842008 1.745288
-0.827036 1.759692
-0.811943 1.773837
-0.796730 1.787721
-0.781399 1.801341
-0.765954 1.814695
-0.750395 1.827782
-0.734726 1.840599
-0.718948 1.853145
-0.703064 1.865418
-0.687077 1.877416
-0.670988 1.889137
-0.654801 1.900579
-0.638516 1.911742
-0.622138 1.922622
-0.605668 1.933219
-0.589109 1.943531
-0.572462 1.953557
-0.555732 1.963294
-0.538919 1.972742
-0.522027 1.981900
-0.505058 1.990765
-0.488014 1.999336
-0.470899 2.007613
-0.453714 2.015594
-0.436462 2.023278
-0.419146 2.030663
-0.401768 2.037749
-0.384331 2.044535
-0.366837 2.051019
-0.349288 2.057201
-0.331689 2.063079
-0.314040 2.068653
-0.296346 2.073923
-0.278607 2.078886
-0.260827 2.083544
-0.243009 2.087893
-0.225155 2.091936
-0.207268 2.095669
-0.189350 2.099094
-0.171405 2.102209
-0.153434 2.105015
-0.135440 2.107510
-0.117426 2.109694
-0.099395 2.111567
-0.081350 2.113129
-0.063292 2.114380
-0.045225 2.115319
-0.027152 2.115945
-0.009074 2.116260
0.009005 2.116263
0.027083 2.115954
0.045157 2.115333
0.063224 2.114400
0.081282 2.113155
0.099327 2.111599
0.117359 2.109732
0.135373 2.107553
0.153367 2.105064
0.171338 2.102264
0.189284 2.099154
0.207202 2.095735
0.225090 2.092007
0.242945 2.087971
0.260764 2.083626
0.278544 2.078975
0.296283 2.074017
0.313979 2.068753
0.331628 2.063184
0.349229 2.057311
0.366778 2.051135
0.384273 2.044656
0.401711 2.037876
0.419091 2.030795
0.436408 2.023415
0.453661 2.015737
0.470847 2.007761
0.487964 1.999490
0.505009 1.990923
0.521979 1.982064
0.538873 1.972911
0.555687 1.963468
0.572419 1.953736
0.589067 1.943715
0.605628 1.933408
0.622100 1.922816
0.638480 1.911940
0.654765 1.900783
0.670955 1.889345
0.687045 1.877629
0.703034 1.865635
0.718920 1.853367
0.734700 1.840826
0.750371 1.828013
0.765932 1.814930
0.781379 1.801580
0.796712 1.787964
0.811927 1.774085
0.827022 1.759944
0.841996 1.745544
0.856845 1.730886
0.871569 1.715973
0.886163 1.700807
0.900627 1.685391
0.914958 1.669726
0.929155 1.653814
0.943214 1.637659
0.957135 1.621262
0.970914 1.604627
0.984550 1.587754
0.998041 1.570648
1.011385 1.553310
1.024579 1.535743
1.037623 1.517949
1.050514 1.499932
1.063250 1.481694
1.075829 1.463237
1.088250 1.444564
1.100510 1.425678
1.112608 1.406583
1.124541 1.387279
1.136309 1.367772
1.147910 1.348062
1.159341 1.328154
1.170602 1.308050
1.181690 1.287753
1.192603 1.267266
1.203341 1.246592
1.213902 1.225735
1.224283 1.204697
1.234484 1.183481
1.244503 1.162091
1.254339 1.140529
1.263989 1.118799
1.273454 1.096904
1.282730 1.074848
1.291818 1.052633
1.300715 1.030262
1.309420 1.007740
1.317932 0.985069
1.326250 0.962253
1.334372 0.939295
1.342298 0.916199
1.350026 0.892967
1.357554 0.869604
1.364883 0.846113
1.372010 0.822496
1.378936 0.798759
1.385657 0.774904
1.392175 0.750934
1.398487 0.726854
1.404593 0.702666
1.410492 0.678375
1.416184 0.653984
1.421666 0.629496
1.426939 0.604916
1.432001 0.580246
1.436852 0.555491
1.441492 0.530654
1.445919 0.505738
1.450132 0.480748
1.454132 0.455688
1.457918 0.430559
1.461488 0.405368
1.464844 0.380116
1.467983 0.354809
1.470906 0.329449
1.473612 0.304041
1.476100 0.278587
1.478371 0.253093
1.480424 0.227561
1.482259 0.201996
1.483875 0.176401
1.485273 0.150780
1.486452 0.125136
1.487411 0.099475
1.488151 0.073798
1.488672 0.048111
1.488973 0.022416
1.489055 -0.003282
1.488917 -0.028979
1.488560 -0.054673
1.487983 -0.080358
1.487187 -0.106031
1.486171 -0.131689
1.484937 -0.157327
1.483483 -0.182942
1.481811 -0.208531
1.479921 -0.234088
1.477812 -0.259611
1.475485 -0.285096
1.472941 -0.310539
1.470179 -0.335936
1.467201 -0.361284
1.464007 -0.386578
1.460597 -0.411815
1.456971 -0.436992
1.453130 -0.462104
1.449076 -0.487148
1.444807 -0.512121
1.440326 -0.537018
1.435632 -0.561835
1.430727 -0.586570
1.425611 -0.611219
1.420284 -0.635777
1.414748 -0.660242
1.409004 -0.684609
1.403052 -0.708876
1.396893 -0.733038
1.390528 -0.757092
1.383958 -0.781034
1.377183 -0.804861
1.370206 -0.828570
1.363027 -0.852156
1.355647 -0.875617
1.348067 -0.898949
1.340288 -0.922148
1.332312 -0.945212
1.324139 -0.968136
1.315771 -0.990917
1.307209 -1.013552
1.298454 -1.036038
1.289508 -1.058371
1.280372 -1.080548
1.271047 -1.102566
1.261534 -1.124421
1.251836 -1.146111
1.241953 -1.167631
1.231887 -1.188980
1.221639 -1.210153
1.211211 -1.231148
1.200605 -1.251961
1.189821 -1.272590
1.178862 -1.293031
1.167729 -1.313282
1.156424 -1.333339
1.144949 -1.353199
1.133305 -1.372860
1.121493 -1.392319
1.109517 -1.411572
1.097376 -1.430617
1.085074 -1.449451
1.072612 -1.468072
1.059992 -1.486476
1.047215 -1.504661
1.034285 -1.522625
1.021201 -1.540363
1.007967 -1.557875
0.994585 -1.575157
0.981055 -1.592207
0.967381 -1.609022
0.953565 -1.625600
0.939608 -1.641938
0.925512 -1.658035
0.911280 -1.673886
0.896913 -1.689492
0.882415 -1.704847
0.867786 -1.719952
0.853029 -1.734803
0.838146 -1.749399
0.823140 -1.763736
0.808012 -1.777813
0.792766 -1.791629
0.777402 -1.805180
0.761924 -1.818465
0.746333 -1.831482
0.730633 -1.844229
0.714824 -1.856704
0.698910 -1.868905
0.682894 -1.880831
0.666776 -1.892480
0.650560 -1.903849
0.634248 -1.914938
0.617843 -1.925745
0.601347 -1.936268
0.584762 -1.946505
0.568090 -1.956455
0.551335 -1.966117
0.534499 -1.975489
0.517584 -1.984570
0.500592 -1.993358
0.483527 -2.001852
0.466390 -2.010051
0.449184 -2.017954
0.431913 -2.025560
0.414577 -2.032866
0.397181 -2.039873
0.379726 -2.046580
0.362215 -2.052984
0.344650 -2.059086
0.327035 -2.064884
0.309371 -2.070378
0.291662 -2.075567
0.273910 -2.080450
0.256117 -2.085026
0.238287 -2.089294
0.220421 -2.093255
0.202523 -2.096907
0.184595 -2.100249
0.166640 -2.103283
0.148660 -2.106006
0.130658 -2.108418
0.112637 -2.110520
0.094600 -2.112310
0.076548 -2.113790
0.058485 -2.114957
0.040413 -2.115813
0.022336 -2.116357
0.004255 -2.116588
-0.013826 -2.116508
-0.031906 -2.116116
-0.049981 -2.115411
-0.068048 -2.114395
-0.086106 -2.113067
-0.104150 -2.111428
-0.122180 -2.109477
-0.140191 -2.107215
-0.158182 -2.104643
-0.176149 -2.101760
-0.194091 -2.098568
-0.212004 -2.095066
-0.229885 -2.091255
-0.247733 -2.087135
-0.265545 -2.082709
-0.283317 -2.077975
-0.301047 -2.072934
-0.318733 -2.067588
-0.336372 -2.061938
-0.353962 -2.055983
-0.371499 -2.049725
-0.388982 -2.043165
-0.406407 -2.036303
-0.423772 -2.029142
-0.441075 -2.021681
-0.458313 -2.013922
-0.475484 -2.005867
-0.492584 -1.997515
-0.509612 -1.988869
-0.526564 -1.979930
-0.543439 -1.970699
-0.560234 -1.961177
-0.576946 -1.951366
-0.593573 -1.941268
-0.610113 -1.930883
-0.626563 -1.920214
-0.642920 -1.909261
-0.659183 -1.898027
-0.675349 -1.886513
-0.691415 -1.874721
-0.707379 -1.862653
-0.723238 -1.850310
-0.738991 -1.837694
-0.754636 -1.824807
-0.770169 -1.811652
-0.785588 -1.798229
-0.800892 -1.784541
-0.816077 -1.770589
-0.831143 -1.756377
-0.846085 -1.741906
-0.860903 -1.727178
-0.875595 -1.712195
-0.890157 -1.696960
-0.904587 -1.681475
-0.918885 -1.665741
-0.933047 -1.649763
-0.947071 -1.633541
-0.960956 -1.617078
-0.974700 -1.600376
-0.988299 -1.583439
-1.001753 -1.566268
-1.015059 -1.548866
-1.028216 -1.531236
-1.041221 -1.513380
-1.054072 -1.495301
-1.066768 -1.477002
-1.079307 -1.458485
-1.091687 -1.439752
-1.103905 -1.420808
-1.115961 -1.401654
-1.127853 -1.382293
-1.139578 -1.362728
-1.151135 -1.342963
-1.162523 -1.322999
-1.173739 -1.302841
-1.184782 -1.282490
-1.195651 -1.261950
-1.206343 -1.241224
-1.216857 -1.220315
-1.227192 -1.199227
-1.237346 -1.177961
-1.247318 -1.156522
-1.257106 -1.134912
-1.266708 -1.113135
-1.276124 -1.091193
-1.285351 -1.069091
-1.294389 -1.046831
-1.303237 -1.024417
-1.311892 -1.001851
-1.320354 -0.979138
-1.328621 -0.956281
-1.336692 -0.933283
-1.344566 -0.910147
-1.352242 -0.886876
-1.359718 -0.863475
-1.366994 -0.839947
-1.374069 -0.816295
-1.380941 -0.792522
-1.387609 -0.768633
-1.394073 -0.744630
-1.400332 -0.720517
-1.406383 -0.696298
-1.412228 -0.671977
-1.417864 -0.647556
-1.423292 -0.623040
-1.428509 -0.598432
-1.433516 -0.573736
-1.438311 -0.548955
-1.442895 -0.524093
-1.447266 -0.499154
-1.451423 -0.474141
-1.455366 -0.449058
-1.459095 -0.423909
-1.462609 -0.398698
-1.465907 -0.373428
-1.468989 -0.348102
-1.471855 -0.322726
-1.474503 -0.297301
-1.476934 -0.271833
-1.479147 -0.246325
-1.481142 -0.220780
-1.482919 -0.195203
-1.484478 -0.169597
-1.485817 -0.143966
-1.486937 -0.118314
-1.487838 -0.092644
-1.488520 -0.066961
-1.488982 -0.041267
-1.489225 -0.015568
-1.489248 0.010134
-1.489052 0.035834
-1.488636 0.061529
-1.488001 0.087215
-1.487146 0.112888
-1.486072 0.138545
-1.484779 0.164181
-1.483267 0.189793
-1.481536 0.215377
-1.479587 0.240929
-1.477420 0.266446
-1.475035 0.291924
-1.472432 0.317358
-1.469613 0.342746
-1.466577 0.368083
-1.463324 0.393366
-1.459856 0.418591
-1.456172 0.443755
-1.452274 0.468853
-1.448162 0.493882
-1.443836 0.518838
-1.439297 0.543717
-1.434547 0.568517
-1.429584 0.593233
-1.424411 0.617861
-1.419028 0.642398
-1.413436 0.666841
-1.407635 0.691185
-1.401627 0.715427
-1.395412 0.739564
-1.388991 0.763592
-1.382365 0.787508
-1.375536 0.811307
-1.368504 0.834987
-1.361270 0.858543
-1.353836 0.881973
-1.346202 0.905273
-1.338369 0.928440
-1.330339 0.951470
-1.322113 0.974359
-1.313692 0.997105
-1.305077 1.019704
-1.296270 1.042153
-1.287272 1.064448
-1.278084 1.086586
-1.268707 1.108564
-1.259144 1.130378
-1.249395 1.152026
-1.239461 1.173504
-1.229345 1.194809
-1.219048 1.215938
-1.208570 1.236888
-1.197915 1.257655
-1.187083 1.278237
-1.176076 1.298630
-1.164896 1.318832
-1.153544 1.338840
-1.142021 1.358650
-1.130331 1.378260
-1.118474 1.397667
-1.106451 1.416868
-1.094266 1.435860
-1.081920 1.454640
-1.069413 1.473206
-1.056749 1.491555
-1.043930 1.509683
-1.030956 1.527590
-1.017831 1.545271
-1.004555 1.562724
-0.991131 1.579947
-0.977561 1.596937
-0.963847 1.613691
-0.949991 1.630208
-0.935995 1.646484
-0.921861 1.662518
-0.907590 1.678306
-0.893186 1.693847
-0.878651 1.709138
-0.863985 1.724178
-0.849193 1.738963
-0.834275 1.753492
-0.819234 1.767762
-0.804072 1.781772
-0.788792 1.795519
-0.773395 1.809001
-0.757885 1.822217
-0.742263 1.835164
-0.726531 1.847840
-0.710692 1.860244
-0.694748 1.872374
-0.678702 1.884228
-0.662556 1.895804
-0.646312 1.907100
-0.629973 1.918116
-0.613540 1.928848
-0.597018 1.939297
-0.580407 1.949459
-0.563711 1.959334
-0.546931 1.968920
-0.530071 1.978216
-0.513133 1.987220
-0.496119 1.995931
-0.479032 2.004348
-0.461875 2.012469
-0.444649 2.020294
-0.427358 2.027821
-0.410003 2.035049
-0.392588 2.041977
-0.375116 2.048604
-0.357588 2.054929
-0.340007 2.060950
-0.322376 2.066669
-0.304697 2.072082
-0.286974 2.077190
-0.269208 2.081991
-0.251403 2.086486
-0.233560 2.090673
-0.215683 2.094552
-0.197774 2.098122
-0.179836 2.101383
-0.161872 2.104334
-0.143883 2.106975
-0.125874 2.109305
-0.107845 2.111324
-0.089801 2.113032
-0.071744 2.114428
-0.053676 2.115512
-0.035600 2.116285
-0.017519 2.116746
0.000565 2.116894
0.018649 2.116731
0.036730 2.116255
0.054806 2.115468
0.072873 2.114368
0.090930 2.112957
0.108973 2.111234
0.127001 2.109200
0.145009 2.106855
0.162997 2.104200
0.180960 2.101234
0.198897 2.097958
0.216804 2.094374
0.234680 2.090480
0.252520 2.086278
0.270324 2.081769
0.288088 2.076952
0.305809 2.071830
0.323485 2.066402
0.341114 2.060669
0.358692 2.054632
0.376218 2.048293
0.393688 2.041651
0.411100 2.034709
0.428451 2.027467
0.445740 2.019925
0.462962 2.012086
0.480116 2.003950
0.497200 1.995519
0.514210 1.986793
0.531145 1.977775
0.548001 1.968465
0.564776 1.958865
0.581469 1.948976
0.598075 1.938799
0.614593 1.928337
0.631021 1.917591
0.647356 1.906561
0.663595 1.895251
0.679737 1.883661
0.695778 1.871794
0.711716 1.859650
0.727550 1.847233
0.743277 1.834542
0.758894 1.821582
0.774399 1.808353
0.789790 1.794857
0.805064 1.781097
0.820220 1.767074
0.835255 1.752790
0.850167 1.738249
0.864954 1.723450
0.879613 1.708398
0.894142 1.693094
0.908539 1.677540
0.922803 1.661739
0.936931 1.645693
0.950920 1.629404
0.964769 1.612875
0.978476 1.596108
0.992039 1.579106
1.005456 1.561871
1.018724 1.544405
1.031842 1.526712
1.044808 1.508794
1.057620 1.490654
1.070276 1.472293
1.082775 1.453716
1.095113 1.434924
1.107290 1.415921
1.119305 1.396708
1.131154 1.377290
1.142836 1.357669
1.154350 1.337848
1.165693 1.317829
1.176865 1.297616
1.187863 1.277212
1.198686 1.256619
1.209333 1.235842
1.219801 1.214881
1.230089 1.193742
1.240196 1.172427
1.250120 1.150939
1.259860 1.129281
1.269414 1.107457
1.278781 1.085469
1.287960 1.063321
1.296948 1.041017
1.305746 1.018559
1.314351 0.995951
1.322762 0.973196
1.330978 0.950297
1.338998 0.927258
1.346820 0.904083
1.354444 0.880774
1.361869 0.857336
1.369092 0.833771
1.376114 0.810083
1.382933 0.786275
1.389547 0.762352
1.395957 0.738316
1.402162 0.714171
1.408159 0.689921
1.413949 0.665570
1.419531 0.641120
1.424903 0.616575
1.430065 0.591940
1.435016 0.567217
1.439756 0.542411
1.444283 0.517525
1.448598 0.492562
1.452699 0.467527
1.456586 0.442423
1.460258 0.417253
1.463715 0.392022
1.466956 0.366733
1.469980 0.341390
1.472788 0.315997
1.475379 0.290557
1.477753 0.265074
1.479908 0.239552
1.481845 0.213995
1.483564 0.188406
1.485064 0.162790
1.486345 0.137149
1.487408 0.111488
1.488250 0.085811
1.488874 0.060121
1.489277 0.03442