7.327811 0.000000
7.327057 -1.266786
7.324772 -2.543693
7.320955 -3.820073
7.315608 -5.095657
7.308731 -6.370179
7.300327 -7.643372
7.290396 -8.914971
7.278940 -10.184709
7.265963 -11.452321
7.251467 -12.717542
7.235455 -13.980107
7.217930 -15.239753
7.198896 -16.496216
7.178357 -17.749234
7.156318 -18.998544
7.132782 -20.243885
7.107754 -21.484997
7.081241 -22.721620
7.053247 -23.953497
7.023779 -25.180369
6.992842 -26.401979
6.960443 -27.618073
6.926589 -28.828396
6.891286 -30.032695
6.854543 -31.230719
6.816367 -32.422216
6.776765 -33.606938
6.735747 -34.784637
6.693320 -35.955067
6.649494 -37.117983
6.604278 -38.273141
6.557680 -39.420302
6.509712 -40.559223
6.460383 -41.689668
6.409702 -42.811401
6.357682 -43.924185
6.304332 -45.027790
6.249664 -46.121984
6.193690 -47.206538
6.136420 -48.281225
6.077868 -49.345821
6.018044 -50.400104
5.956963 -51.443853
5.894635 -52.476849
5.831075 -53.498876
5.766296 -54.509722
5.700312 -55.509174
5.633135 -56.497024
5.564781 -57.473064
5.495263 -58.437092
5.424595 -59.388905
5.352794 -60.328304
5.279873 -61.255093
5.205849 -62.169078
5.130736 -63.070069
5.054550 -63.957875
4.977307 -64.832313
4.899023 -65.693199
4.819715 -66.540353
4.739399 -67.373598
4.658092 -68.192759
4.575811 -68.997666
4.492573 -69.788151
4.408395 -70.564046
4.323296 -71.325192
4.237293 -72.071428
4.150403 -72.802598
4.062646 -73.518549
3.974039 -74.219133
3.884601 -74.904201
3.794351 -75.573612
3.703307 -76.227224
3.611489 -76.864902
3.518915 -77.486512
3.425606 -78.091923
3.331580 -78.681010
3.236858 -79.253649
3.141458 -79.809720
3.045402 -80.349107
2.948708 -80.871698
2.851398 -81.377383
2.753491 -81.866055
2.655009 -82.337614
2.555971 -82.791960
2.456399 -83.228998
2.356312 -83.648637
2.255733 -84.050790
2.154682 -84.435371
2.053181 -84.802301
1.951249 -85.151503
1.848910 -85.482903
1.746184 -85.796433
1.643092 -86.092026
1.539657 -86.369622
1.435900 -86.629162
1.331842 -86.870591
1.227505 -87.093859
1.122912 -87.298919
1.018083 -87.485729
0.913042 -87.654250
0.807809 -87.804445
0.702407 -87.936284
0.596858 -88.049739
0.491184 -88.144786
0.385407 -88.221405
0.279549 -88.279581
0.173632 -88.319301
0.067679 -88.340556
-0.038289 -88.343343
-0.144249 -88.327660
-0.250179 -88.293511
-0.356057 -88.240903
-0.461860 -88.169846
-0.567568 -88.080357
-0.673157 -87.972452
-0.778606 -87.846156
-0.883892 -87.701493
-0.988993 -87.538495
-1.093888 -87.357196
-1.198555 -87.157632
-1.302971 -86.939847
-1.407116 -86.703885
-1.510966 -86.449796
-1.614501 -86.177632
-1.717698 -85.887451
-1.820537 -85.579314
-1.922995 -85.253284
-2.025051 -84.909429
-2.126685 -84.547823
-2.227874 -84.168539
-2.328597 -83.771658
-2.428834 -83.357262
-2.528564 -82.925438
-2.627765 -82.476277
-2.726417 -82.009871
-2.824499 -81.526318
-2.921991 -81.025721
-3.018872 -80.508182
-3.115122 -79.973811
-3.210722 -79.422718
-3.305650 -78.855020
-3.399888 -78.270834
-3.493415 -77.670284
-3.586211 -77.053494
-3.678259 -76.420593
-3.769537 -75.771713
-3.860028 -75.106991
-3.949712 -74.426565
-4.038570 -73.730577
-4.126585 -73.019173
-4.213737 -72.292502
-4.300008 -71.550714
-4.385380 -70.793967
-4.469836 -70.022416
-4.553357 -69.236225
-4.635927 -68.435557
-4.717528 -67.620579
-4.798143 -66.791462
-4.877754 -65.948380
-4.956347 -65.091508
-5.033903 -64.221025
-5.110407 -63.337114
-5.185843 -62.439959
-5.260195 -61.529747
-5.333447 -60.606670
-5.405584 -59.670920
-5.476592 -58.722692
-5.546455 -57.762185
-5.615158 -56.789599
-5.682688 -55.805138
-5.749029 -54.809008
-5.814169 -53.801417
-5.878094 -52.782575
-5.940790 -51.752696
-6.002244 -50.711994
-6.062443 -49.660688
-6.121375 -48.598997
-6.179028 -47.527143
-6.235389 -46.445349
-6.290446 -45.353843
-6.344188 -44.252853
-6.396604 -43.142607
-6.447683 -42.023340
-6.497414 -40.895284
-6.545787 -39.758675
-6.592792 -38.613751
-6.638418 -37.460752
-6.682657 -36.299918
-6.725498 -35.131492
-6.766934 -33.955718
-6.806955 -32.772842
-6.845553 -31.583112
-6.882720 -30.386776
-6.918448 -29.184083
-6.952730 -27.975287
-6.985558 -26.760639
-7.016926 -25.540393
-7.046827 -24.314804
-7.075255 -23.084129
-7.102204 -21.848624
-7.127668 -20.608549
-7.151642 -19.364162
-7.174121 -18.115723
-7.195100 -16.863494
-7.214575 -15.607736
-7.232541 -14.348712
-7.248996 -13.086685
-7.263935 -11.821919
-7.277355 -10.554678
-7.289255 -9.285227
-7.299630 -8.013832
-7.308479 -6.740758
-7.315800 -5.466271
-7.321592 -4.190639
-7.325853 -2.914127
-7.328583 -1.637002
-7.329780 -0.359532
-7.329445 0.918016
-7.327578 2.195375
-7.324179 3.472279
-7.319248 4.748461
-7.312788 6.023652
-7.304798 7.297588
-7.295281 8.570001
-7.284240 9.840626
-7.271675 11.109197
-7.257590 12.375448
-7.241987 13.639116
-7.224871 14.899935
-7.206244 16.157642
-7.186110 17.411975
-7.164474 18.662670
-7.141340 19.909467
-7.116713 21.152105
-7.090598 22.390324
-7.063001 23.623865
-7.033927 24.852470
-7.003382 26.075883
-6.971373 27.293847
-6.937906 28.506108
-6.902989 29.712413
-6.866629 30.912508
-6.828833 32.106145
-6.789609 33.293072
-6.748966 34.473041
-6.706912 35.645807
-6.663455 36.811123
-6.618605 37.968746
-6.572372 39.118435
-6.524764 40.259948
-6.475792 41.393047
-6.425466 42.517495
-6.373796 43.633057
-6.320794 44.739500
-6.266470 45.836592
-6.210836 46.924104
-6.153904 48.001809
-6.095685 49.069481
-6.036191 50.126897
-5.975435 51.173836
-5.913429 52.210080
-5.850188 53.235410
-5.785723 54.249614
-5.720048 55.252478
-5.653177 56.243794
-5.585124 57.223353
-5.515904 58.190952
-5.445529 59.146387
-5.374017 60.089460
-5.301380 61.019972
-5.227636 61.937730
-5.152798 62.842541
-5.076882 63.734216
-4.999905 64.612569
-4.921883 65.477416
-4.842831 66.328576
-4.762766 67.165872
-4.681706 67.989127
-4.599667 68.798171
-4.516666 69.592833
-4.432720 70.372948
-4.347848 71.138353
-4.262066 71.888887
-4.175393 72.624393
-4.087847 73.344719
-3.999446 74.049712
-3.910208 74.739226
-3.820153 75.413116
-3.729299 76.071242
-3.637665 76.713466
-3.545271 77.339653
-3.452135 77.949673
-3.358277 78.543398
-3.263716 79.120704
-3.168473 79.681470
-3.072568 80.225579
-2.976020 80.752917
-2.878849 81.263374
-2.781076 81.756843
-2.682722 82.233220
-2.583807 82.692407
-2.484351 83.134307
-2.384375 83.558828
-2.283901 83.965880
-2.182949 84.355380
-2.081540 84.727244
-1.979696 85.081396
-1.877438 85.417762
-1.774787 85.736270
-1.671764 86.036855
-1.568392 86.319454
-1.464692 86.584007
-1.360685 86.830459
-1.256394 87.058758
-1.151839 87.268857
-1.047044 87.460712
-0.942029 87.634283
-0.836817 87.789532
-0.731430 87.926429
-0.625890 88.044943
-0.520219 88.145051
-0.414438 88.226731
-0.308571 88.289966
-0.202639 88.334743
-0.096664 88.361052
0.009331 88.368888
0.115325 88.358250
0.221294 88.329139
0.327218 88.281561
0.433074 88.215527
0.538839 88.131050
0.644492 88.028148
0.750010 87.906842
0.855372 87.767157
0.960556 87.609123
1.065538 87.432772
1.170299 87.238143
1.274815 87.025274
1.379064 86.794210
1.483026 86.545001
1.586678 86.277698
1.689998 85.992356
1.792965 85.689035
1.895558 85.367800
1.997755 85.028716
2.099534 84.671854
2.200875 84.297290
2.301755 83.905102
2.402155 83.495371
2.502053 83.068183
2.601428 82.623627
2.700259 82.161796
2.798527 81.682787
2.896209 81.186700
2.993286 80.673639
3.089737 80.143710
3.185543 79.597024
3.280683 79.033697
3.375138 78.453845
3.468887 77.857589
3.561911 77.245055
3.654191 76.616369
3.745706 75.971665
3.836440 75.311076
3.926371 74.634740
4.015481 73.942799
4.103753 73.235398
4.191166 72.512684
4.277704 71.774808
4.363347 71.021925
4.448079 70.254191
4.531881 69.471768
4.614735 68.674819
4.696625 67.863511
4.777533 67.038012
4.857443 66.198497
4.936337 65.345139
5.014200 64.478118
5.091014 63.597614
5.166765 62.703813
5.241435 61.796900
5.315010 60.877065
5.387474 59.944500
5.458811 58.999401
5.529008 58.041965
5.598048 57.072391
5.665919 56.090884
5.732605 55.097647
5.798093 54.092889
5.862369 53.076820
5.925419 52.049651
5.987231 51.011598
6.047792 49.962878
6.107088 48.903710
6.165107 47.834314
6.221838 46.754916
6.277268 45.665740
6.331386 44.567015
6.384180 43.458969
6.435640 42.341834
6.485754 41.215845
6.534513 40.081236
6.581905 38.938244
6.627922 37.787109
6.672553 36.628071
6.715789 35.461373
6.757621 34.287257
6.798041 33.105971
6.837040 31.917760
6.874609 30.722874
6.910741 29.521561
6.945428 28.314073
6.978664 27.100663
7.010440 25.881584
7.040751 24.657091
7.069590 23.427439
7.096952 22.192887
7.122829 20.953692
7.147217 19.710113
7.170112 18.462410
7.191507 17.210845
7.211399 15.955678
7.229783 14.697172
7.246656 13.435590
7.262014 12.171195
7.275854 10.904254
7.288172 9.635029
7.298967 8.363787
7.308236 7.090792
7.315977 5.816312
7.322189 4.540613
7.326870 3.263962
7.330019 1.986625
7.331636 0.708869
7.331719 -0.569039
7.330271 -1.846830
7.327289 -3.124239
7.322776 -4.400998
7.316732 -5.676840
7.309158 -6.951498
7.300056 -8.224706
7.289427 -9.496199
7.277275 -10.765709
7.263601 -12.032971
7.248409 -13.297721
7.231701 -14.559695
7.213482 -15.818627
7.193754 -17.074256
7.172522 -18.326318
7.149791 -19.574552
7.125565 -20.818697
7.099849 -22.058493
7.072648 -23.293680
7.043969 -24.524000
7.013818 -25.749196
6.982199 -26.969013
6.949121 -28.183194
6.914590 -29.391486
6.878614 -30.593637
6.841199 -31.789394
6.802354 -32.978509
6.762087 -34.160732
6.720406 -35.335816
6.677319 -36.503516
6.632837 -37.663587
6.586968 -38.815787
6.539722 -39.959875
6.491108 -41.095611
6.441137 -42.222759
6.389819 -43.341083
6.337166 -44.450348
6.283187 -45.550323
6.227895 -46.640778
6.171300 -47.721485
6.113415 -48.792218
6.054252 -49.852753
5.993823 -50.902868
5.932141 -51.942343
5.869218 -52.970962
5.805069 -53.988510
5.739705 -54.994773
5.673141 -55.989541
5.605391 -56.972606
5.536469 -57.943762
5.466390 -58.902808
5.395167 -59.849541
5.322816 -60.783764
5.249352 -61.705282
5.174791 -62.613901
5.099147 -63.509433
5.022438 -64.391690
4.944678 -65.260486
4.865884 -66.115642
4.786072 -66.956977
4.705260 -67.784316
4.623464 -68.597485
4.540701 -69.396316
4.456989 -70.180640
4.372344 -70.950294
4.286786 -71.705117
4.200330 -72.444950
4.112997 -73.169640
4.024803 -73.879035
3.935768 -74.572986
3.845910 -75.251348
3.755247 -75.913979
3.663799 -76.560742
3.571585 -77.191499
3.478624 -77.806121
3.384935 -78.404477
3.290539 -78.986444
3.195454 -79.551898
3.099701 -80.100723
3.003300 -80.632803
2.906271 -81.148026
2.808633 -81.646286
2.710409 -82.127478
2.611617 -82.591501
2.512279 -83.038259
2.412416 -83.467657
2.312048 -83.879606
2.211197 -84.274020
2.109883 -84.650816
2.008127 -85.009916
1.905952 -85.351244
1.803377 -85.674729
1.700426 -85.980303
1.597119 -86.267903
1.493477 -86.537468
1.389523 -86.788942
1.285279 -87.022272
1.180765 -87.237409
1.076004 -87.434308
0.971018 -87.612929
0.865829 -87.773233
0.760458 -87.915188
0.654929 -88.038763
0.549262 -88.143932
0.443479 -88.230674
0.337604 -88.298970
0.231658 -88.348807
0.125664 -88.380172
0.019643 -88.393061
-0.086383 -88.387470
-0.192391 -88.363400
-0.298359 -88.320857
-0.404264 -88.259849
-0.510086 -88.180388
-0.615801 -88.082492
-0.721387 -87.966181
-0.826824 -87.831479
-0.932087 -87.678414
-1.037156 -87.507019
-1.142008 -87.317328
-1.246622 -87.109382
-1.350976 -86.883224
-1.455047 -86.638901
-1.558814 -86.376464
-1.662256 -86.095969
-1.765350 -85.797473
-1.868076 -85.481039
-1.970412 -85.146733
-2.072335 -84.794626
-2.173826 -84.424790
-2.274862 -84.037302
-2.375424 -83.632245
-2.475488 -83.209702
-2.575036 -82.769762
-2.674045 -82.312516
-2.772496 -81.838061
-2.870367 -81.346495
-2.967639 -80.837921
-3.064290 -80.312445
-3.160301 -79.770178
-3.255651 -79.211232
-3.350321 -78.635725
-3.444291 -78.043776
-3.537541 -77.435509
-3.630052 -76.811052
-3.721804 -76.170535
-3.812778 -75.514091
-3.902955 -74.841859
-3.992316 -74.153978
-4.080843 -73.450593
-4.168518 -72.731849
-4.255320 -71.997899
-4.341234 -71.248894
-4.426240 -70.484992
-4.510321 -69.706351
-4.593459 -68.913136
-4.675637 -68.105512
-4.756838 -67.283647
-4.837044 -66.447713
-4.916240 -65.597885
-4.994407 -64.734341
-5.071531 -63.857261
-5.147595 -62.966829
-5.222583 -62.063230
-5.296479 -61.146653
-5.369268 -60.217291
-5.440935 -59.275337
-5.511464 -58.320989
-5.580841 -57.354445
-5.649052 -56.375907
-5.716082 -55.385581
-5.781917 -54.383674
-5.846543 -53.370394
-5.909948 -52.345954
-5.972116 -51.310567
-6.033037 -50.264451
-6.092696 -49.207823
-6.151082 -48.140905
-6.208182 -47.063920
-6.263984 -45.977093
-6.318476 -44.880651
-6.371648 -43.774823
-6.423488 -42.659840
-6.473985 -41.535936
-6.523129 -40.403346
-6.570909 -39.262305
-6.617316 -38.113054
-6.662339 -36.955831
-6.705969 -35.790879
-6.748198 -34.618442
-6.789016 -33.438764
-6.828414 -32.252093
-6.866385 -31.058675
-6.902921 -29.858762
-6.938014 -28.652602
-6.971656 -27.440450
-7.003841 -26.222557
-7.034562 -24.999180
-7.063812 -23.770572
-7.091585 -22.536992
-7.117876 -21.298698
-7.142679 -20.055947
-7.165988 -18.809000
-7.187800 -17.558117
-7.208108 -16.303561
-7.226910 -15.045593
-7.244201 -13.784476
-7.259978 -12.520474
-7.274237 -11.253852
-7.286975 -9.984873
-7.298190 -8.713804
-7.307879 -7.440910
-7.316040 -6.166456
-7.322671 -4.890711
-7.327772 -3.613939
-7.331341 -2.336409
-7.333377 -1.058387
-7.333880 0.219859
-7.332850 1.498063
-7.330286 2.775957
-7.326190 4.053273
-7.320563 5.329746
-7.313405 6.605108
-7.304718 7.879091
-7.294503 9.151431
-7.282764 10.421861
-7.269502 11.690116
-7.254721 12.955929
-7.238422 14.219037
-7.220611 15.479176
-7.201289 16.736082
-7.180462 17.989492
-7.158134 19.239144
-7.134309 20.484777
-7.108993 21.726131
-7.082190 22.962946
-7.053907 24.194963
-7.024149 25.421925
-6.992922 26.643576
-6.960233 27.859659
-6.926089 29.069921
-6.890497 30.274108
-6.853465 31.471970
-6.814999 32.663254
-6.775109 33.847713
-6.733802 35.025099
-6.691087 36.195165
-6.646973 37.357667
-6.601469 38.512362
-6.554585 39.659009
-6.506331 40.797366
-6.456716 41.927198
-6.405751 43.048267
-6.353447 44.160339
-6.299815 45.263181
-6.244865 46.356563
-6.188610 47.440257
-6.131060 48.514035
-6.072229 49.577674
-6.012128 50.630950
-5.950770 51.673644
-5.888168 52.705537
-5.824334 53.726414
-5.759283 54.736061
-5.693028 55.734268
-5.625582 56.720825
-5.556960 57.695527
-5.487176 58.658168
-5.416244 59.608549
-5.344180 60.546471
-5.270999 61.471736
-5.196715 62.384152
-5.121345 63.283529
-5.044904 64.169677
-4.967408 65.042412
-4.888873 65.901551
-4.809316 66.746915
-4.728753 67.578326
-4.647202 68.395612
-4.564679 69.198600
-4.481201 69.987124
-4.396786 70.761017
-4.311452 71.520119
-4.225216 72.264271
-4.138097 72.993317
-4.050112 73.707104
-3.961280 74.405483
-3.871620 75.088309
-3.781150 75.755438
-3.689890 76.406731
-3.597858 77.042052
-3.505073 77.661268
-3.411555 78.264249
-3.317324 78.850869
-3.222399 79.421006
-3.126801 79.974540
-3.030548 80.511356
-2.933661 81.031342
-2.836161 81.534387
-2.738068 82.020388
-2.639402 82.489243
-2.540184 82.940854
-2.440435 83.375125
-2.340175 83.791967
-2.239425 84.191292
-2.138208 84.573017
-2.036543 84.937061
-1.934452 85.283349
-1.831956 85.611809
-1.729077 85.922370
-1.625836 86.214970
-1.522255 86.489545
-1.418356 86.746039
-1.314159 86.984399
-1.209688 87.204574
-1.104964 87.406517
-1.000008 87.590188
-0.894843 87.755548
-0.789491 87.902561
-0.683973 88.031197
-0.578312 88.141429
-0.472530 88.233235
-0.366649 88.306594
-0.260690 88.361492
-0.154678 88.397916
-0.048632 88.415860
0.057424 88.415319
0.163468 88.396294
0.269478 88.358788
0.375433 88.302809
0.481309 88.228370
0.587084 88.135484
0.692737 88.024173
0.798246 87.894458
0.903588 87.746368
1.008741 87.579932
1.113684 87.395187
1.218394 87.192169
1.322850 86.970922
1.427030 86.731493
1.530911 86.473930
1.634473 86.198287
1.737693 85.904624
1.840550 85.592999
1.943022 85.263480
2.045089 84.916134
2.146728 84.551034
2.247919 84.168257
2.348640 83.767882
2.448870 83.349994
2.548589 82.914678
2.647775 82.462027
2.746408 81.992135
2.844467 81.505101
2.941931 81.001025
3.038780 80.480013
3.134995 79.942175
3.230554 79.387622
3.325438 78.816471
3.419628 78.228840
3.513102 77.624854
3.605843 77.004637
3.697829 76.368319
3.789043 75.716034
3.879465 75.047918
3.969076 74.364110
4.057858 73.664754
4.145791 72.949995
4.232858 72.219983
4.319040 71.474870
4.404319 70.714813
4.488678 69.939970
4.572099 69.150503
4.654564 68.346577
4.736056 67.528361
4.816558 66.696024
4.896054 65.849741
4.974526 64.989690
5.051958 64.116049
5.128334 63.229002
5.203638 62.328733
5.277855 61.415432
5.350968 60.489288
5.422963 59.550496
5.493824 58.599251
5.563537 57.635753
5.632087 56.660204
5.699460 55.672805
5.765641 54.673766
5.830617 53.663293
5.894374 52.641599
5.956899 51.608896
6.018179 50.565402
6.078201 49.511333
6.136952 48.446910
6.194421 47.372357
6.250594 46.287896
6.305461 45.193756
6.359010 44.090165
6.411229 42.977353
6.462108 41.855553
6.511637 40.725000
6.559804 39.585930
6.606600 38.438581
6.652015 37.283193
6.696039 36.120007
6.738663 34.949267
6.779879 33.771217
6.819677 32.586104
6.858050 31.394175
6.894989 30.195680
6.930486 28.990869
6.964535 27.779994
6.997128 26.563308
7.028258 25.341066
7.057919 24.113522
7.086104 22.880934
7.112808 21.643560
7.138025 20.401657
7.161750 19.155486
7.183977 17.905307
7.204703 16.651381
7.223922 15.393971
7.241632 14.133340
7.257827 12.869750
7.272505 11.603467
7.285663 10.334754
7.297297 9.063878
7.307406 7.791104
7.315987 6.516697
7.323039 5.240925
7.328560 3.964054
7.332548 2.686350
7.335004 1.408082
7.335926 0.129517
7.335315 -1.149079
7.333170 -2.427438
7.329492 -3.705293
7.324281 -4.982377
7.317539 -6.258422
7.309268 -7.533162
7.299468 -8.806330
7.288142 -10.077660
7.275293 -11.346887
7.260922 -12.613745
7.245033 -13.877969
7.227630 -15.139294
7.208716 -16.397458
7.188294 -17.652197
7.166370 -18.903249
7.142947 -20.150352
7.118031 -21.393245
7.091627 -22.631669
7.063740 -23.865365
7.034376 -25.094074
7.003541 -26.317540
6.971242 -27.535508
6.937486 -28.747721
6.902279 -29.953928
6.865629 -31.153875
6.827544 -32.347313
6.788031 -33.533991
6.747099 -34.713661
6.704756 -35.886076
6.661012 -37.050992
6.615874 -38.208165
6.569354 -39.357353
6.521460 -40.498316
6.472202 -41.630815
6.421591 -42.754613
6.369638 -43.869476
6.316353 -44.975170
6.261747 -46.071464
6.205831 -47.158129
6.148619 -48.234937
6.090120 -49.301664
6.030348 -50.358087
5.969316 -51.403984
5.907035 -52.439137
5.843519 -53.463330
5.778782 -54.476348
5.712836 -55.477980
5.645695 -56.468015
5.577374 -57.446248
5.507887 -58.412473
5.437248 -59.366489
5.365472 -60.308096
5.292574 -61.237096
5.218570 -62.153297
5.143474 -63.056506
5.067303 -63.946535
4.990073 -64.823196
4.911798 -65.686308
4.832497 -66.535689
4.752186 -67.371163
4.670880 -68.192553
4.588598 -68.999689
4.505356 -69.792402
4.421172 -70.570525
4.336064 -71.333897
4.250049 -72.082357
4.163145 -72.815750
4.075371 -73.533921
3.986744 -74.236720
3.897284 -74.924001
3.807008 -75.595620
3.715937 -76.251436
3.624088 -76.891313
3.531482 -77.515116
3.438137 -78.122714
3.344073 -78.713982
3.249309 -79.288795
3.153866 -79.847033
3.057764 -80.388579
2.961021 -80.913320
2.863660 -81.421147
2.765700 -81.911952
2.667161 -82.385634
2.568064 -82.842093
2.468430 -83.281234
2.368280 -83.702965
2.267635 -84.107197
2.166515 -84.493847
2.064942 -84.862834
1.962937 -85.214079
1.860521 -85.547510
1.757716 -85.863057
1.654544 -86.160654
1.551025 -86.440238
1.447182 -86.701752
1.343035 -86.945140
1.238608 -87.170351
1.133922 -87.377339
1.028998 -87.566060
0.923859 -87.736475
0.818526 -87.888547
0.713023 -88.022245
0.607369 -88.137542
0.501589 -88.234412
0.395703 -88.312836
0.289734 -88.372797
0.183705 -88.414282
0.077637 -88.437284
-0.028448 -88.441796
-0.134527 -88.427818
-0.240578 -88.395353
-0.346579 -88.344408
-0.452508 -88.274993
-0.558343 -88.187123
-0.664061 -88.080815
-0.769640 -87.956093
-0.875059 -87.812982
-0.980296 -87.651512
-1.085327 -87.471717
-1.190132 -87.273634
-1.294688 -87.057305
-1.398974 -86.822774
-1.502968 -86.570092
-1.606648 -86.299310
-1.709992 -86.010485
-1.812979 -85.703678
-1.915587 -85.378953
-2.017795 -85.036377
-2.119582 -84.676022
-2.220925 -84.297963
-2.321805 -83.902280
-2.422199 -83.489055
-2.522087 -83.058374
-2.621448 -82.610327
-2.720262 -82.145009
-2.818507 -81.662515
-2.916163 -81.162948
-3.013209 -80.646411
-3.109626 -80.113013
-3.205393 -79.562864
-3.300490 -78.996080
-3.394897 -78.412780
-3.488595 -77.813084
-3.581563 -77.197120
-3.673783 -76.565014
-3.765236 -75.916900
-3.855901 -75.252913
-3.945760 -74.573191
-4.034795 -73.877877
-4.122987 -73.167116
-4.210316 -72.441056
-4.296766 -71.699850
-4.382318 -70.943652
-4.466953 -70.172621
-4.550655 -69.386916
-4.633406 -68.586704
-4.715188 -67.772150
-4.795985 -66.943426
-4.875779 -66.100704
-4.954555 -65.244160
-5.032294 -64.373974
-5.108982 -63.490328
-5.184601 -62.593405
-5.259137 -61.683395
-5.332574 -60.760486
-5.404896 -59.824872
-5.476089 -58.876749
-5.546136 -57.916313
-5.615024 -56.943768
-5.682739 -55.959315
-5.749266 -54.963160
-5.814590 -53.955512
-5.878700 -52.936581
-5.941580 -51.906580
-6.003219 -50.865725
-6.063603 -49.814233
-6.122719 -48.752324
-6.180555 -47.680220
-6.237099 -46.598145
-6.292339 -45.506326
-6.346265 -44.404989
-6.398863 -43.294367
-6.450124 -42.174690
-6.500036 -41.046193
-6.548590 -39.909112
-6.595774 -38.763685
-6.641580 -37.610150
-6.685998 -36.448750
-6.729017 -35.279726
-6.770630 -34.103324
-6.810828 -32.919789
-6.849602 -31.729368
-6.886944 -30.532312
-6.922846 -29.328868
-6.957301 -28.119290
-6.990302 -26.903831
-7.021841 -25.682743
-7.051912 -24.456283
-7.080509 -23.224708
-7.107626 -21.988273
-7.133257 -20.747238
-7.157397 -19.501863
-7.180040 -18.252407
-7.201183 -16.999133
-7.220820 -15.742301
-7.238947 -14.482174
-7.255561 -13.219017
-7.270658 -11.953093
-7.284235 -10.684667
-7.296290 -9.414004
-7.306819 -8.141369
-7.315820 -6.867029
-7.323292 -5.591251
-7.329233 -4.314300
-7.333642 -3.036443
-7.336517 -1.757949
-7.337859 -0.479084
-7.337666 0.799884
-7.335940 2.078689
-7.332680 3.357062
-7.327887 4.634737
-7.321561 5.911446
-7.313706 7.186922
-7.304321 8.460899
-7.293409 9.733110
-7.280972 11.003290
-7.267013 12.271173
-7.251534 13.536493
-7.234540 14.798987
-7.216033 16.058390
-7.196017 17.314439
-7.174497 18.566871
-7.151477 19.815425
-7.126962 21.059839
-7.100957 22.299853
-7.073467 23.535209
-7.044498 24.765647
-7.014056 25.990911
-6.982148 27.210745
-6.948780 28.424892
-6.913959 29.633100
-6.877693 30.835116
-6.839989 32.030689
-6.800854 33.219568
-6.760298 34.401505
-6.718328 35.576253
-6.674954 36.743566
-6.630184 37.903200
-6.584028 39.054913
-6.536495 40.198464
-6.487595 41.333614
-6.437339 42.460126
-6.385737 43.577763
-6.332800 44.686293
-6.278539 45.785483
-6.222965 46.875104
-6.166090 47.954928
-6.107926 49.024728
-6.048484 50.084283
-5.987778 51.133369
-5.925820 52.171767
-5.862623 53.199261
-5.798200 54.215636
-5.732565 55.220679
-5.665731 56.214179
-5.597712 57.195930
-5.528523 58.165725
-5.458178 59.123363
-5.386692 60.068642
-5.314079 61.001366
-5.240355 61.921339
-5.165535 62.828368
-5.089636 63.722265
-5.012672 64.602842
-4.934659 65.469915
-4.855615 66.323303
-4.775556 67.162827
-4.694498 67.988312
-4.612458 68.799585
-4.529454 69.596477
-4.445503 70.378820
-4.360622 71.146452
-4.274829 71.899212
-4.188142 72.636941
-4.100580 73.359487
-4.012160 74.066699
-3.922901 74.758427
-3.832821 75.434527
-3.741940 76.094859
-3.650277 76.739283
-3.557850 77.367666
-3.464679 77.979876
-3.370783 78.575784
-3.276183 79.155266
-3.180897 79.718202
-3.084946 80.264472
-2.988350 80.793964
-2.891129 81.306565
-2.793303 81.802170
-2.694893 82.280674
-2.595920 82.741977
-2.496403 83.185983
-2.396364 83.612599
-2.295824 84.021736
-2.194804 84.413308
-2.093324 84.787233
-1.991407 85.143433
-1.889073 85.481833
-1.786344 85.802363
-1.683241 86.104955
-1.579786 86.389547
-1.476001 86.656079
-1.371906 86.904495
-1.267525 87.134742
-1.162878 87.346774
-1.057988 87.540544
-0.952877 87.716014
-0.847566 87.873146
-0.742077 88.011907
-0.636433 88.132269
-0.530656 88.234205
-0.424767 88.317695
-0.318790 88.382721
-0.212746 88.429270
-0.106656 88.457331
-0.000545 88.466899
0.105568 88.457972
0.211658 88.430551
0.317704 88.384643
0.423684 88.320256
0.529576 88.237405
0.635358 88.136106
0.741007 88.016381
0.846501 87.878254
0.951818 87.721755
1.056937 87.546916
1.161835 87.353774
1.266491 87.142368
1.370882 86.912744
1.474986 86.664948
1.578783 86.399034
1.682250 86.115056
1.785365 85.813073
1.888107 85.493149
1.990455 85.155351
2.092387 84.799749
2.193882 84.426418
2.294918 84.035435
2.395475 83.626882
2.495531 83.200845
2.595066 82.757412
2.694059 82.296677
2.792488 81.818735
2.890334 81.323687
2.987576 80.811635
3.084194 80.282687
3.180167 79.736954
3.275475 79.174549
3.370099 78.595590
3.464019 78.000198
3.557215 77.388498
3.649667 76.760616
3.741356 76.116686
3.832264 75.456840
3.922370 74.781217
4.011657 74.089959
4.100105 73.383209
4.187696 72.661115
4.274412 71.923829
4.360235 71.171504
4.445146 70.404298
4.529128 69.622371
4.612164 68.825887
4.694235 68.015011
4.775325 67.189914
4.855418 66.350767
4.934495 65.497747
5.012541 64.631031
5.089539 63.750802
5.165473 62.857242
5.240327 61.950538
5.314086 61.030880
5.386735 60.098461
5.458257 59.153475
5.528638 58.196120
5.597864 57.226595
5.665920 56.245104
5.732791 55.251852
5.798464 54.247046
5.862924 53.230896
5.926160 52.203615
5.988156 51.165417
6.048901 50.116520
6.108381 49.057142
6.166584 47.987506
6.223499 46.907835
6.279112 45.818354
6.333413 44.719291
6.386389 43.610876
6.438031 42.493341
6.488327 41.366920
6.537266 40.231847
6.584839 39.088360
6.631036 37.936698
6.675846 36.777102
6.719261 35.609814
6.761271 34.435079
6.801867 33.253142
6.841042 32.064249
6.878786 30.868650
6.915093 29.666594
6.949954 28.458333
6.983362 27.244119
7.015310 26.024207
7.045791 24.798851
7.074800 23.568306
7.102330 22.332832
7.128374 21.092685
7.152929 19.848126
7.175988 18.599413
7.197547 17.346809
7.217602 16.090576
7.236147 14.830975
7.253180 13.568270
7.268696 12.302726
7.282693 11.034606
7.295167 9.764176
7.306116 8.491701
7.315538 7.217448
7.323430 5.941682
7.329791 4.664672
7.334620 3.386682
7.337916 2.107982
7.339677 0.828837
7.339904 -0.450484
7.338596 -1.729714
7.335755 -3.008586
7.331379 -4.286832
7.325471 -5.564185
7.318031 -6.840378
7.309061 -8.115144
7.298564 -9.388217
7.286540 -10.659331
7.272993 -11.928219
7.257925 -13.194616
7.241340 -14.458259
7.223241 -15.718882
7.203632 -16.976221
7.182517 -18.230015
7.159900 -19.480001
7.135786 -20.725918
7.110180 -21.967504
7.083088 -23.204501
7.054515 -24.436650
7.024467 -25.663694
6.992950 -26.885375
6.959971 -28.101438
6.925537 -29.311630
6.889655 -30.515697
6.852333 -31.713387
6.813578 -32.904449
6.773398 -34.088636
6.731803 -35.265699
6.688799 -36.435392
6.644397 -37.597471
6.598606 -38.751693
6.551436 -39.897816
6.502895 -41.035600
6.452995 -42.164809
6.401746 -43.285205
6.349158 -44.396555
6.295243 -45.498625
6.240011 -46.591187
6.183475 -47.674010
6.125645 -48.746870
6.066535 -49.809541
6.006157 -50.861801
5.944523 -51.903430
5.881645 -52.934212
5.817538 -53.953929
5.752215 -54.962368
5.685689 -55.959320
5.617974 -56.944575
5.549084 -57.917928
5.479034 -58.879174
5.407838 -59.828113
5.335512 -60.764547
5.262070 -61.688280
5.187527 -62.599118
5.111900 -63.496871
5.035204 -64.381351
4.957455 -65.252374
4.878670 -66.109757
4.798864 -66.953322
4.718055 -67.782890
4.636259 -68.598290
4.553494 -69.399351
4.469777 -70.185904
4.385125 -70.957786
4.299556 -71.714836
4.213088 -72.456894
4.125738 -73.183806
4.037526 -73.895420
3.948470 -74.591587
3.858588 -75.272161
3.767899 -75.937000
3.676422 -76.585965
3.584177 -77.218921
3.491181 -77.835734
3.397456 -78.436276
3.303020 -79.020421
3.207893 -79.588048
3.112096 -80.139037
3.015647 -80.673273
2.918568 -81.190644
2.820878 -81.691043
2.722599 -82.174365
2.623750 -82.640508
2.524352 -83.089375
2.424426 -83.520872
2.323993 -83.934909
2.223074 -84.331399
2.121690 -84.710259
2.019862 -85.071411
1.917611 -85.414778
1.814960 -85.740289
1.711928 -86.047875
1.608539 -86.337472
1.504813 -86.609021
1.400772 -86.862463
1.296438 -87.097746
1.191832 -87.314820
1.086978 -87.513641
0.981895 -87.694166
0.876607 -87.856357
0.771136 -88.000182
0.665503 -88.125609
0.559731 -88.232613
0.453841 -88.321171
0.347857 -88.391264
0.241799 -88.442877
0.135690 -88.476001
0.029553 -88.490628
-0.076590 -88.486754
-0.182718 -88.464381
-0.288808 -88.423513
-0.394838 -88.364159
-0.500786 -88.286330
-0.606629 -88.190045
-0.712345 -88.075321
-0.817913 -87.942184
-0.923311 -87.790661
-1.028515 -87.620783
-1.133505 -87.432587
-1.238258 -87.226111
-1.342752 -87.001399
-1.446966 -86.758497
-1.550878 -86.497457
-1.654465 -86.218332
-1.757707 -85.921182
-1.860582 -85.606067
-1.963068 -85.273055
-2.065144 -84.922214
-2.166789 -84.553619
-2.267981 -84.167345
-2.368699 -83.763474
-2.468921 -83.342089
-2.568628 -82.903280
-2.667799 -82.447138
-2.766412 -81.973757
-2.864446 -81.483238
-2.961882 -80.975682
-3.058699 -80.451196
-3.154877 -79.909889
-3.250396 -79.351874
-3.345235 -78.777268
-3.439375 -78.186191
-3.532796 -77.578767
-3.625479 -76.955122
-3.717405 -76.315387
-3.808553 -75.659696
-3.898905 -74.988185
-3.988443 -74.300995
-4.077146 -73.598270
-4.164998 -72.880156
-4.251979 -72.146803
-4.338071 -71.398366
-4.423257 -70.634999
-4.507518 -69.856864
-4.590837 -69.064122
-4.673197 -68.256939
-4.754579 -67.435483
-4.834968 -66.599928
-4.914346 -65.750446
-4.992697 -64.887217
-5.070005 -64.010419
-5.146252 -63.120237
-5.221424 -62.216857
-5.295505 -61.300467
-5.368478 -60.371258
-5.440330 -59.429426
-5.511044 -58.475167
-5.580606 -57.508681
-5.649002 -56.530169
-5.716217 -55.539836
-5.782237 -54.537889
-5.847048 -53.524538
-5.910637 -52.499994
-5.972991 -51.464471
-6.034096 -50.418187
-6.093940 -49.361359
-6.152509 -48.294209
-6.209793 -47.216959
-6.265778 -46.129835
-6.320454 -45.033065
-6.373809 -43.926877
-6.425831 -42.811502
-6.476509 -41.687174
-6.525834 -40.554128
-6.573795 -39.412601
-6.620381 -38.262831
-6.665584 -37.105059
-6.709393 -35.939527
-6.751799 -34.766477
-6.792795 -33.586157
-6.832370 -32.398812
-6.870516 -31.204690
-6.907227 -30.004041
-6.942493 -28.797117
-6.976308 -27.584169
-7.008665 -26.365451
-7.039557 -25.141218
-7.068976 -23.911726
-7.096919 -22.677231
-7.123377 -21.437992
-7.148346 -20.194268
-7.171821 -18.946320
-7.193797 -17.694407
-7.214268 -16.438791
-7.233232 -15.179736
-7.250683 -13.917503
-7.266619 -12.652358
-7.281035 -11.384565
-7.293929 -10.114388
-7.305299 -8.842093
-7.315141 -7.567947
-7.323453 -6.292215
-7.330235 -5.015164
-7.335484 -3.737062
-7.339200 -2.458175
-7.341381 -1.178771
-7.342028 0.100883
-7.341139 1.380519
-7.338716 2.659869
-7.334758 3.938667
-7.329267 5.216645
-7.322244 6.493535
-7.313690 7.769071
-7.303607 9.042986
-7.291997 10.315013
-7.278862 11.584888
-7.264206 12.852343
-7.248031 14.117115
-7.230340 15.378939
-7.211138 16.637551
-7.190428 17.892687
-7.168215 19.144086
-7.144503 20.391486
-7.119298 21.634626
-7.092604 22.873246
-7.064427 24.107088
-7.034773 25.335892
-7.003648 26.559403
-6.971060 27.777364
-6.937013 28.989522
-6.901516 30.195621
-6.864577 31.395411
-6.826202 32.588640
-6.786400 33.775059
-6.745178 34.954420
-6.702547 36.126477
-6.658514 37.290983
-6.613089 38.447697
-6.566282 39.596375
-6.518101 40.736778
-6.468558 41.868667
-6.417662 42.991806
-6.365425 44.105959
-6.311856 45.210895
-6.256968 46.306381
-6.200772 47.392189
-6.143279 48.468092
-6.084501 49.533865
-6.024451 50.589285
-5.963142 51.634130
-5.900586 52.668184
-5.836796 53.691229
-5.771786 54.703052
-5.705569 55.703441
-5.638158 56.692188
-5.569569 57.669084
-5.499816 58.633926
-5.428912 59.586512
-5.356873 60.526644
-5.283714 61.454124
-5.209450 62.368758
-5.134097 63.270355
-5.057671 64.158728
-4.980186 65.033689
-4.901661 65.895056
-4.822110 66.742649
-4.741551 67.576291
-4.660001 68.395807
-4.577476 69.201026
-4.493994 69.991780
-4.409572 70.767903
-4.324229 71.529233
-4.237980 72.275610
-4.150846 73.006879
-4.062844 73.722887
-3.973992 74.423484
-3.884309 75.108524
-3.793813 75.777862
-3.702525 76.431360
-3.610462 77.068881
-3.517644 77.690290
-3.424090 78.295459
-3.329820 78.884261
-3.234854 79.456573
-3.139211 80.012274
-3.042912 80.551249
-2.945976 81.073385
-2.848424 81.578573
-2.750277 82.066707
-2.651554 82.537685
-2.552276 82.991408
-2.452465 83.427782
-2.352141 83.846716
-2.251325 84.248121
-2.150037 84.631913
-2.048301 84.998014
-1.946135 85.346345
-1.843563 85.676834
-1.740604 85.989412
-1.637282 86.284014
-1.533617 86.560577
-1.429631 86.819044
-1.325346 87.059361
-1.220784 87.281478
-1.115966 87.485348
-1.010915 87.670929
-0.905652 87.838181
-0.800199 87.987069
-0.694579 88.117563
-0.588813 88.229635
-0.482924 88.323262
-0.376934 88.398424
-0.270864 88.455104
-0.164738 88.493293
-0.058577 88.512980
0.047596 88.514163
0.153760 88.496840
0.259892 88.461016
0.365970 88.406698
0.471971 88.333897
0.577875 88.242629
0.683657 88.132911
0.789297 88.004768
0.894772 87.858226
1.000061 87.693316
1.105141 87.510071
1.209989 87.308531
1.314586 87.088738
1.418907 86.850736
1.522933 86.594577
1.626640 86.320313
1.730007 86.028002
1.833013 85.717704
1.935636 85.389486
2.037854 85.043414
2.139647 84.679563
2.240993 84.298007
2.341870 83.898826
2.442258 83.482104
2.542136 83.047927
2.641482 82.596387
2.740277 82.127579
2.838499 81.641599
2.936128 81.138549
3.033143 80.618535
3.129524 80.081665
3.225251 79.528051
3.320304 78.957810
3.414664 78.371060
3.508309 77.767924
3.601222 77.148528
3.693381 76.513001
3.784769 75.861476
3.875366 75.194090
3.965153 74.510982
4.054111 73.812294
4.142222 73.098173
4.229467 72.368768
4.315828 71.624232
4.401287 70.864719
4.485826 70.090389
4.569427 69.301404
4.652073 68.497929
4.733747 67.680131
4.814432 66.848181
4.894110 66.002253
4.972765 65.142525
5.050381 64.269176
5.126941 63.382388
5.202429 62.482346
5.276830 61.569240
5.350128 60.643259
5.422308 59.704598
5.493354 58.753452
5.563252 57.790020
5.631987 56.814504
5.699544 55.827108
5.765911 54.828038
5.831072 53.817502
5.895014 52.795713
5.957724 51.762883
6.019188 50.719229
6.079394 49.664969
6.138330 48.600323
6.195982 47.525513
6.252339 46.440765
6.307389 45.346305
6.361121 44.242362
6.413523 43.129167
6.464584 42.006952
6.514293 40.875952
6.562641 39.736404
6.609617 38.588545
6.655212 37.432615
6.699415 36.268857
6.742217 35.097513
6.783610 33.918829
6.823585 32.733051
6.862134 31.540426
6.899248 30.341204
6.934920 29.135636
6.969142 27.923974
7.001907 26.706470
7.033208 25.483380
7.063039 24.254959
7.091393 23.021465
7.118265 21.783154
7.143649 20.540286
7.167539 19.293120
7.189931 18.041918
7.210820 16.786941
7.230202 15.528451
7.248072 14.266711
7.264426 13.001986
7.279262 11.734539
7.292576 10.464635
7.304366 9.192541
7.314628 7.918521
7.323362 6.642843
7.330564 5.365772
7.336234 4.087577
7.340370 2.808524
7.342971 1.528880
7.344037 0.248913
7.343568 -1.031108
7.341564 -2.310918
7.338024 -3.590248
7.332951 -4.868830
7.326345 -6.146398
7.318206 -7.422684
7.308538 -8.697421
7.297342 -9.970344
7.284620 -11.241185
7.270376 -12.509679
7.254611 -13.775561
7.237329 -15.038567
7.218535 -16.298431
7.198231 -17.554892
7.176422 -18.807685
7.153113 -20.056550
7.128308 -21.301225
7.102013 -22.541449
7.074233 -23.776964
7.044975 -25.007512
7.014243 -26.232834
6.982044 -27.452675
6.948386 -28.666780
6.913275 -29.874895
6.876719 -31.076767
6.838725 -32.272145
6.799301 -33.460779
6.758456 -34.642421
6.716197 -35.816823
6.672535 -36.983740
6.627477 -38.142928
6.581033 -39.294145
6.533214 -40.437150
6.484028 -41.571704
6.433487 -42.697569
6.381601 -43.814511
6.328380 -44.922296
6.273836 -46.020691
6.217981 -47.109469
6.160825 -48.188400
6.102381 -49.257259
6.042662 -50.315823
5.981678 -51.363871
5.919444 -52.401183
5.855973 -53.427542
5.791277 -54.442734
5.725370 -55.446547
5.658266 -56.438771
5.589978 -57.419197
5.520522 -58.387622
5.449912 -59.343842
5.378162 -60.287659
5.305287 -61.218873
5.231304 -62.137292
5.156226 -63.042722
5.080070 -63.934974
5.002852 -64.813862
4.924587 -65.679202
4.845293 -66.530813
4.764986 -67.368517
4.683683 -68.192139
4.601400 -69.001506
4.518154 -69.796450
4.433964 -70.576803
4.348847 -71.342404
4.262821 -72.093091
4.175903 -72.828709
4.088111 -73.549102
3.999465 -74.254120
3.909983 -74.943617
3.819682 -75.617447
3.728583 -76.275470
3.636705 -76.917548
3.544065 -77.543547
3.450685 -78.153336
3.356583 -78.746788
3.261779 -79.323778
3.166292 -79.884185
3.070144 -80.427893
2.973353 -80.954788
2.875941 -81.464760
2.777927 -81.957701
2.679332 -82.433509
2.580176 -82.892085
2.480481 -83.333332
2.380268 -83.757158
2.279556 -84.163474
2.178367 -84.552196
2.076723 -84.923242
1.974644 -85.276535
1.872152 -85.612000
1.769269 -85.929567
1.666015 -86.229171
1.562413 -86.510748
1.458484 -86.774239
1.354250 -87.019590
1.249732 -87.246748
1.144953 -87.455667
1.039934 -87.646303
0.934698 -87.818615
0.829265 -87.972568
0.723660 -88.108129
0.617902 -88.225271
0.512015 -88.323968
0.406021 -88.404200
0.299942 -88.465950
0.193800 -88.509205
0.087617 -88.533956
-0.018585 -88.540198
-0.124783 -88.527929
-0.230955 -88.497152
-0.337080 -88.447874
-0.443134 -88.380104
-0.549095 -88.293857
-0.654942 -88.189150
-0.760653 -88.066006
-0.866205 -87.924450
-0.971575 -87.764512
-1.076743 -87.586225
-1.181687 -87.389627
-1.286383 -87.174758
-1.390811 -86.941663
-1.494948 -86.690391
-1.598773 -86.420995
-1.702264 -86.133530
-1.805399 -85.828058
-1.908158 -85.504641
-2.010517 -85.163347
-2.112457 -84.804247
-2.213955 -84.427417
-2.314990 -84.032936
-2.415542 -83.620885
-2.515589 -83.191351
-2.615110 -82.744424
-2.714085 -82.280196
-2.812493 -81.798765
-2.910313 -81.300232
-3.007524 -80.784701
-3.104108 -80.252279
-3.200042 -79.703078
-3.295308 -79.137213
-3.389885 -78.554801
-3.483754 -77.955965
-3.576894 -77.340829
-3.669287 -76.709523
-3.760913 -76.062178
-3.851753 -75.398929
-3.941788 -74.719915
-4.030999 -74.025279
-4.119368 -73.315164
-4.206876 -72.589720
-4.293504 -71.849099
-4.379235 -71.093454
-4.464051 -70.322944
-4.547933 -69.537731
-4.630865 -68.737977
-4.712829 -67.923851
-4.793808 -67.095522
-4.873785 -66.253164
-4.952743 -65.396952
-5.030666 -64.527067
-5.107538 -63.643688
-5.183342 -62.747002
-5.258062 -61.837195
-5.331683 -60.914458
-5.404190 -59.978984
-5.475567 -59.030968
-5.545800 -58.070608
-5.614873 -57.098105
-5.682773 -56.113662
-5.749485 -55.117486
-5.814995 -54.109784
-5.879289 -53.090767
-5.942354 -52.060648
-6.004178 -51.019642
-6.064746 -49.967968
-6.124046 -48.905844
-6.182066 -47.833493
-6.238794 -46.751139
-6.294218 -45.659008
-6.348326 -44.557328
-6.401107 -43.446331
-6.452550 -42.326247
-6.502644 -41.197312
-6.551378 -40.059761
-6.598743 -38.913832
-6.644729 -37.759765
-6.689326 -36.597801
-6.732524 -35.428182
-6.774314 -34.251153
-6.814689 -33.066961
-6.853639 -31.875853
-6.891156 -30.678077
-6.927233 -29.473885
-6.961861 -28.263528
-6.995034 -27.047259
-7.026745 -25.825332
-7.056987 -24.598003
-7.085754 -23.365528
-7.113039 -22.128165
-7.138837 -20.886172
-7.163143 -19.639810
-7.185951 -18.389339
-7.207257 -17.135020
-7.227056 -15.877116
-7.245345 -14.615889
-7.262119 -13.351603
-7.277374 -12.084522
-7.291108 -10.814912
-7.303318 -9.543038
-7.314001 -8.269165
-7.323155 -6.993560
-7.330778 -5.716490
-7.336868 -4.438222
-7.341425 -3.159022
-7.344447 -1.879159
-7.345933 -0.598899
-7.345883 0.681489
-7.344298 1.961737
-7.341177 3.241579
-7.336522 4.520747
-7.330332 5.798972
-7.322610 7.075989
-7.313358 8.351529
-7.302576 9.625327
-7.290267 10.897115
-7.276435 12.166629
-7.261081 13.433602
-7.244209 14.697770
-7.225822 15.958868
-7.205925 17.216634
-7.184521 18.470803
-7.161615 19.721113
-7.137212 20.967304
-7.111317 22.209114
-7.083934 23.446285
-7.055071 24.678557
-7.024733 25.905673
-6.992926 27.127375
-6.959657 28.343410
-6.924933 29.553522
-6.888761 30.757458
-6.851148 31.954968
-6.812104 33.145800
-6.771635 34.329705
-6.729750 35.506436
-6.686458 36.675747
-6.641768 37.837393
-6.595690 38.991132
-6.548232 40.136722
-6.499405 41.273924
-6.449220 42.402500
-6.397686 43.522214
-6.344814 44.632831
-6.290616 45.734121
-6.235102 46.825852
-6.178285 47.907796
-6.120176 48.979727
-6.060787 50.041421
-6.000131 51.092656
-5.938220 52.133211
-5.875068 53.162871
-5.810688 54.181418
-5.745092 55.188640
-5.678295 56.184328
-5.610311 57.168271
-5.541154 58.140265
-5.470838 59.100107
-5.399378 60.047595
-5.326789 60.982532
-5.253087 61.904722
-5.178286 62.813972
-5.102402 63.710093
-5.025451 64.592896
-4.947449 65.462197
-4.868413 66.317815
-4.788359 67.159571
-4.707304 67.987287
-4.625264 68.800792
-4.542257 69.599916
-4.458300 70.384491
-4.373411 71.154352
-4.287608 71.909340
-4.200907 72.649296
-4.113329 73.374066
-4.024890 74.083497
-3.935609 74.777442
-3.845506 75.455756
-3.754598 76.118296
-3.662905 76.764925
-3.570446 77.395506
-3.477240 78.009908
-3.383307 78.608002
-3.288667 79.189664
-3.193339 79.754772
-3.097343 80.303207
-3.000699 80.834855
-2.903427 81.349605
-2.805549 81.847349
-2.707083 82.327983
-2.608051 82.791406
-2.508474 83.237521
-2.408372 83.666236
-2.307767 84.077460
-2.206678 84.471107
-2.105128 84.847096
-2.003138 85.205347
-1.900729 85.545786
-1.797922 85.868341
-1.694738 86.172944
-1.591201 86.459533
-1.487330 86.728047
-1.383148 86.978430
-1.278677 87.210629
-1.173938 87.424597
-1.068953 87.620287
-0.963745 87.797660
-0.858335 87.956678
-0.752745 88.097308
-0.646998 88.219520
-0.541115 88.323288
-0.435118 88.408592
-0.329031 88.475413
-0.222874 88.523737
-0.116671 88.553554
-0.010442 88.564858
0.095788 88.557646
0.201999 88.531919
0.308168 88.487684
0.414273 88.424949
0.520291 88.343727
0.626201 88.244036
0.731981 88.125895
0.837607 87.989331
0.943059 87.834370
1.048314 87.661046
1.153350 87.469395
1.258145 87.259457
1.362677 87.031275
1.466925 86.784898
1.570866 86.520376
1.674479 86.237765
1.777742 85.937125
1.880634 85.618517
1.983133 85.282009
2.085218 84.927670
2.186867 84.555575
2.288059 84.165801
2.388773 83.758431
2.488987 83.333548
2.588682 82.891243
2.687836 82.431606
2.786428 81.954735
2.884438 81.460729
2.981845 80.949691
3.078628 80.421728
3.174769 79.876951
3.270246 79.315473
3.365039 78.737411
3.459130 78.142886
3.552497 77.532023
3.645122 76.904950
3.736985 76.261796
3.828067 75.602698
3.918349 74.927792
4.007812 74.237219
4.096437 73.531124
4.184206 72.809655
4.271100 72.072962
4.357102 71.321199
4.442193 70.554524
4.526356 69.773096
4.609573 68.977079
4.691826 68.166640
4.773098 67.341947
4.853373 66.503173
4.932633 65.650494
5.010862 64.784087
5.088044 63.904135
5.164162 63.010819
5.239201 62.104329
5.313145 61.184852
5.385978 60.252581
5.457685 59.307711
5.528251 58.350440
5.597662 57.380967
5.665903 56.399495
5.732959 55.406230
5.798817 54.401378
5.863463 53.385151
5.926883 52.357760
5.989065 51.319421
6.049994 50.270350
6.109659 49.210766
6.168046 48.140891
6.225144 47.060950
6.280941 45.971166
6.335425 44.871769
6.388584 43.762988
6.440408 42.645055
6.490886 41.518204
6.540006 40.382669
6.587760 39.238689
6.634136 38.086503
6.679126 36.926352
6.722719 35.758477
6.764907 34.583124
6.805681 33.400537
6.845032 32.210965
6.882952 31.014656
6.919433 29.811859
6.954468 28.602827
6.988049 27.387811
7.020169 26.167067
7.050821 24.940849
7.080000 23.709414
7.107698 22.473019
7.133910 21.231922
7.158631 19.986384
7.181856 18.736664
7.203579 17.483023
7.223796 16.225724
7.242503 14.965030
7.259696 13.701204
7.275371 12.434510
7.289525 11.165213
7.302155 9.893579
7.313259 8.619873
7.322833 7.344362
7.330877 6.067312
7.337388 4.788991
7.342365 3.509665
7.345808 2.229602
7.347714 0.949069
7.348084 -0.331665
7.346918 -1.612333
7.344216 -2.892667
7.339979 -4.172400
7.334207 -5.451263
7.326902 -6.728991
7.318065 -8.005314
7.307698 -9.279968
7.295803 -10.552684
7.282383 -11.823198
7.267440 -13.091243
7.250978 -14.356554
7.233000 -15.618867
7.213510 -16.877918
7.192512 -18.133444
7.170010 -19.385181
7.146009 -20.632870
7.120513 -21.876247
7.093530 -23.115055
7.065063 -24.349033
7.035118 -25.577923
7.003703 -26.801470
6.970824 -28.019416
6.936488 -29.231507
6.900701 -30.437491
6.863471 -31.637114
6.824806 -32.830125
6.784714 -34.016277
6.743204 -35.195319
6.700284 -36.367007
6.655963 -37.531095
6.610250 -38.687339
6.563156 -39.835498
6.514689 -40.975331
6.464860 -42.106601
6.413679 -43.229071
6.361157 -44.342507
6.307305 -45.446674
6.252135 -46.541343
6.195657 -47.626285
6.137884 -48.701273
6.078827 -49.766081
6.018500 -50.820488
5.956914 -51.864273
5.894082 -52.897218
5.830018 -53.919106
5.764735 -54.929725
5.698247 -55.928862
5.630567 -56.916309
5.561710 -57.891859
5.491690 -58.855309
5.420521 -59.806456
5.348220 -60.745103
5.274800 -61.671052
5.200276 -62.584111
5.124666 -63.484087
5.047984 -64.370794
4.970246 -65.244045
4.891470 -66.103659
4.811670 -66.949454
4.730864 -67.781255
4.649069 -68.598888
4.566302 -69.402181
4.482580 -70.190966
4.397920 -70.965080
4.312341 -71.724358
4.225860 -72.468644
4.138495 -73.197781
4.050265 -73.911617
3.961188 -74.610002
3.871283 -75.292791
3.780568 -75.959841
3.689062 -76.611012
3.596785 -77.246167
3.503756 -77.865175
3.409994 -78.467906
3.315519 -79.054234
3.220350 -79.624035
3.124508 -80.177192
3.028012 -80.713587
2.930884 -81.233110
2.833142 -81.735651
2.734807 -82.221105
2.635901 -82.689371
2.536443 -83.140351
2.436455 -83.573950
2.335957 -83.990078
2.234971 -84.388648
2.133517 -84.769576
2.031616 -85.132783
1.929291 -85.478192
1.826562 -85.805732
1.723451 -86.115334
1.619979 -86.406933
1.516169 -86.680468
1.412041 -86.935882
1.307618 -87.173122
1.202921 -87.392137
1.097972 -87.592882
0.992793 -87.775316
0.887407 -87.939399
0.781835 -88.085097
0.676099 -88.212380
0.570222 -88.321222
0.464225 -88.411599
0.358130 -88.483493
0.251961 -88.536888
0.145739 -88.571773
0.039486 -88.588141
-0.066776 -88.585988
-0.173024 -88.565316
-0.279236 -88.526127
-0.385390 -88.468431
-0.491464 -88.392239
-0.597435 -88.297567
-0.703281 -88.184435
-0.808981 -88.052866
-0.914512 -87.902889
-1.019852 -87.734533
-1.124979 -87.547835
-1.229871 -87.342834
-1.334506 -87.119571
-1.438863 -86.878095
-1.542919 -86.618454
-1.646652 -86.340705
-1.750042 -86.044903
-1.853066 -85.731113
-1.955703 -85.399398
-2.057931 -85.049828
-2.159730 -84.682476
-2.261077 -84.297419
-2.361951 -83.894738
-2.462332 -83.474516
-2.562199 -83.036842
-2.661530 -82.581807
-2.760305 -82.109505
-2.858503 -81.620036
-2.956104 -81.113502
-3.053087 -80.590009
-3.149432 -80.049666
-3.245119 -79.492586
-3.340127 -78.918886
-3.434438 -78.328685
-3.528030 -77.722106
-3.620886 -77.099278
-3.712984 -76.460328
-3.804307 -75.805393
-3.894835 -75.134607
-3.984548 -74.448112
-4.073429 -73.746050
-4.161458 -73.028569
-4.248617 -72.295818
-4.334889 -71.547951
-4.420254 -70.785125
-4.504696 -70.007497
-4.588196 -69.215231
-4.670737 -68.408493
-4.752301 -67.587452
-4.832873 -66.752277
-4.912434 -65.903146
-4.990968 -65.040234
-5.068459 -64.163722
-5.144891 -63.273794
-5.220247 -62.370635
-5.294512 -61.454434
-5.367671 -60.525383
-5.439707 -59.583676
-5.510607 -58.629510
-5.580354 -57.663084
-5.648935 -56.684600
-5.716335 -55.694263
-5.782540 -54.692280
-5.847537 -53.678860
-5.911311 -52.654215
-5.973849 -51.618560
-6.035139 -50.572110
-6.095167 -49.515085
-6.153921 -48.447705
-6.211389 -47.370194
-6.267558 -46.282776
-6.322417 -45.185680
-6.375954 -44.079134
-6.428159 -42.963370
-6.479019 -41.838621
-6.528525 -40.705122
-6.576667 -39.563110
-6.623434 -38.412825
-6.668816 -37.254505
-6.712804 -36.088394
-6.755389 -34.914735
-6.796561 -33.733774
-6.836313 -32.545757
-6.874635 -31.350933
-6.911521 -30.149552
-6.946961 -28.941864
-6.980950 -27.728123
-7.013478 -26.508581
-7.044541 -25.283495
-7.074131 -24.053119
-7.102242 -22.817712
-7.128869 -21.577531
-7.154005 -20.332835
-7.177645 -19.083886
-7.199785 -17.830944
-7.220420 -16.574271
-7.239545 -15.314129
-7.257157 -14.050783
-7.273252 -12.784496
-7.287826 -11.515533
-7.300877 -10.244159
-7.312401 -8.970640
-7.322396 -7.695243
-7.330861 -6.418234
-7.337793 -5.139879
-7.343191 -3.860447
-7.347054 -2.580204
-7.349381 -1.299418
-7.350171 -0.018358
-7.349425 1.262709
-7.347142 2.543516
-7.343323 3.823794
-7.337969 5.103276
-7.331081 6.381695
-7.322660 7.658782
-7.312708 8.934272
-7.301228 10.207897
-7.288220 11.479391
-7.273690 12.748488
-7.257638 14.014924
-7.240069 15.278432
-7.220986 16.538750
-7.200394 17.795613
-7.178296 19.048759
-7.154698 20.297926
-7.129604 21.542853
-7.103019 22.783278
-7.074949 24.018944
-7.045399 25.249591
-7.014377 26.474963
-6.981888 27.694803
-6.947940 28.908856
-6.912539 30.116868
-6.875692 31.318587
-6.837408 32.513761
-6.797695 33.702141
-6.756560 34.883479
-6.714013 36.057526
-6.670061 37.224038
-6.624716 38.382770
-6.577985 39.533481
-6.529878 40.675930
-6.480407 41.809879
-6.429580 42.935088
-6.377410 44.051325
-6.323905 45.158355
-6.269079 46.255947
-6.212942 47.343871
-6.155505 48.421900
-6.096782 49.489808
-6.036784 50.547373
-5.975524 51.594372
-5.913014 52.630588
-5.849268 53.655803
-5.784299 54.669804
-5.718120 55.672377
-5.650746 56.663314
-5.582190 57.642407
-5.512467 58.609451
-5.441591 59.564245
-5.369578 60.506589
-5.296442 61.436285
-5.222198 62.353139
-5.146862 63.256960
-5.070450 64.147559
-4.992978 65.024748
-4.914462 65.888346
-4.834918 66.738171
-4.754363 67.574046
-4.672814 68.395795
-4.590288 69.203247
-4.506802 69.996234
-4.422374 70.774588
-4.337020 71.538149
-4.250760 72.286755
-4.163611 73.020250
-4.075591 73.738482
-3.986719 74.441299
-3.897014 75.128555
-3.806493 75.800106
-3.715176 76.455811
-3.623083 77.095534
-3.530231 77.719141
-3.436642 78.326501
-3.342333 78.917487
-3.247326 79.491976
-3.151639 80.049848
-3.055294 80.590985
-2.958309 81.115275
-2.860706 81.622608
-2.762504 82.112878
-2.663724 82.585982
-2.564388 83.041822
-2.464515 83.480302
-2.364126 83.901330
-2.263243 84.304819
-2.161887 84.690683
-2.060078 85.058842
-1.957839 85.409220
-1.855189 85.741743
-1.752152 86.056341
-1.648748 86.352948
-1.544999 86.631503
-1.440927 86.891947
-1.336554 87.134225
-1.231900 87.358288
-1.126989 87.564087
-1.021842 87.751581
-0.916481 87.920729
-0.810929 88.071497
-0.705206 88.203853
-0.599336 88.317768
-0.493340 88.413220
-0.387241 88.490188
-0.281060 88.548656
-0.174821 88.588611
-0.068544 88.610047
0.037747 88.612956
0.144030 88.597341
0.250283 88.563202
0.356485 88.510548
0.462612 88.439390
0.568643 88.349742
0.674555 88.241622
0.780326 88.115055
0.885935 87.970065
0.991358 87.806684
1.096575 87.624944
1.201562 87.424886
1.306299 87.206549
1.410763 86.969980
1.514932 86.715228
1.618784 86.442346
1.722299 86.151391
1.825454 85.842425
1.928227 85.515511
2.030597 85.170718
2.132544 84.808118
2.234044 84.427787
2.335078 84.029804
2.435624 83.614252
2.535661 83.181219
2.635168 82.730794
2.734124 82.263072
2.832509 81.778151
2.930303 81.276131
3.027483 80.757118
3.124031 80.221220
3.219927 79.668550
3.315149 79.099222
3.409678 78.513356
3.503495 77.911075
3.596580 77.292503
3.688913 76.657770
3.780475 76.007010
3.871246 75.340357
3.961209 74.657952
4.050344 73.959937
4.138632 73.246458
4.226055 72.517663
4.312595 71.773706
4.398234 71.014742
4.482953 70.240929
4.566735 69.452429
4.649563 68.649407
4.731419 67.832031
4.812286 67.000472
4.892147 66.154903
4.970985 65.295501
5.048785 64.422446
5.125529 63.535921
5.201201 62.636110
5.275787 61.723201
5.349270 60.797387
5.421634 59.858859
5.492865 58.907815
5.562948 57.944453
5.631869 56.968974
5.699612 55.981582
5.766163 54.982485
5.831510 53.971889
5.895637 52.950008
5.958532 51.917054
6.020181 50.873244
6.080572 49.818795
6.139692 48.753928
6.197528 47.678865
6.254069 46.593832
6.309302 45.499055
6.363217 44.394763
6.415801 43.281187
6.467045 42.158559
6.516936 41.027115
6.565465 39.887090
6.612621 38.738724
6.658395 37.582255
6.702778 36.417927
6.745759 35.245982
6.787329 34.066665
6.827481 32.880224
6.866206 31.686905
6.903495 30.486958
6.939341 29.280635
6.973737 28.068187
7.006674 26.849868
7.038147 25.625933
7.068149 24.396636
7.096672 23.162237
7.123713 21.922991
7.149264 20.679160
7.173320 19.431001
7.195877 18.178778
7.216929 16.922750
7.236473 15.663182
7.254504 14.400335
7.271018 13.134475
7.286012 11.865866
7.299483 10.594772
7.311428 9.321461
7.321844 8.046197
7.330730 6.769248
7.338083 5.490881
7.343902 4.211362
7.348186 2.930959
7.350933 1.649941
7.352144 0.368574
7.351817 -0.912873
7.349954 -2.194132
7.346554 -3.474936
7.341618 -4.755017
7.335147 -6.034107
7.327143 -7.311938
7.317606 -8.588245
7.306540 -9.862759
7.293947 -11.135214
7.279828 -12.405344
7.264187 -13.672885
7.247028 -14.937570
7.228353 -16.199135
7.208168 -17.457317
7.186475 -18.711852
7.163280 -19.962479
7.138587 -21.208935
7.112401 -22.450961
7.084729 -23.688295
7.055575 -24.920681
7.024947 -26.147860
6.992849 -27.369575
6.959290 -28.585572
6.924275 -29.795595
6.887813 -30.999393
6.849910 -32.196712
6.810576 -33.387303
6.769817 -34.570918
6.727643 -35.747307
6.684063 -36.916227
6.639085 -38.077431
6.592719 -39.230678
6.544974 -40.375725
6.495861 -41.512335
6.445390 -42.640269
6.393571 -43.759291
6.340415 -44.869168
6.285934 -45.969666
6.230138 -47.060557
6.173040 -48.141612
6.114651 -49.212605
6.054984 -50.273313
5.994050 -51.323512
5.931863 -52.362985
5.868436 -53.391512
5.803782 -54.408880
5.737914 -55.414876
5.670847 -56.409289
5.602594 -57.391912
5.533169 -58.362538
5.462587 -59.320965
5.390863 -60.266993
5.318012 -61.200423
5.244049 -62.121061
5.168990 -63.028715
5.092849 -63.923193
5.015644 -64.804310
4.937390 -65.671880
4.858103 -66.525723
4.777801 -67.365660
4.696499 -68.191516
4.614216 -69.003117
4.530967 -69.800294
4.446771 -70.582881
4.361645 -71.350713
4.275607 -72.103630
4.188675 -72.841475
4.100868 -73.564093
4.012202 -74.271333
3.922697 -74.963048
3.832373 -75.639092
3.741246 -76.299325
3.649338 -76.943607
3.556666 -77.571806
3.463250 -78.183788
3.369110 -78.779426
3.274266 -79.358596
3.178736 -79.921177
3.082542 -80.467050
2.985703 -80.996102
2.888240 -81.508222
2.790173 -82.003302
2.691522 -82.481240
2.592308 -82.941935
2.492552 -83.385291
2.392274 -83.811216
2.291496 -84.219619
2.190239 -84.610417
2.088524 -84.983526
1.986372 -85.338869
1.883804 -85.676372
1.780842 -85.995964
1.677507 -86.297577
1.573822 -86.581150
1.469807 -86.846623
1.365485 -87.093940
1.260877 -87.323049
1.156005 -87.533902
1.050891 -87.726456
0.945557 -87.900670
0.840026 -88.056507
0.734318 -88.193936
0.628457 -88.312926
0.522464 -88.413454
0.416361 -88.495498
0.310171 -88.559041
0.203916 -88.604069
0.097618 -88.630574
-0.008700 -88.638549
-0.115017 -88.627993
-0.221311 -88.598908
-0.327558 -88.551300
-0.433737 -88.485179
-0.539826 -88.400559
-0.645802 -88.297457
-0.751643 -88.175895
-0.857328 -88.035898
-0.962833 -87.877496
-1.068138 -87.700721
-1.173219 -87.505611
-1.278055 -87.292206
-1.382625 -87.060550
-1.486906 -86.810693
-1.590876 -86.542686
-1.694513 -86.256586
-1.797797 -85.952451
-1.900705 -85.630347
-2.003216 -85.290339
-2.105309 -84.932499
-2.206962 -84.556902
-2.308153 -84.163626
-2.408862 -83.752753
-2.509068 -83.324370
-2.608750 -82.878565
-2.707886 -82.415433
-2.806457 -81.935069
-2.904441 -81.437574
-3.001818 -80.923052
-3.098568 -80.391611
-3.194670 -79.843361
-3.290105 -79.278417
-3.384852 -78.696898
-3.478891 -78.098925
-3.572204 -77.484622
-3.664770 -76.854118
-3.756570 -76.207546
-3.847584 -75.545039
-3.937795 -74.866737
-4.027183 -74.172782
-4.115729 -73.463317
-4.203414 -72.738493
-4.290222 -71.998459
-4.376132 -71.243371
-4.461128 -70.473387
-4.545191 -69.688668
-4.628304 -68.889377
-4.710450 -68.075681
-4.791612 -67.247752
-4.871771 -66.405761
-4.950913 -65.549885
-5.029020 -64.680302
-5.106075 -63.797195
-5.182063 -62.900748
-5.256968 -61.991149
-5.330774 -61.068587
-5.403466 -60.133255
-5.475028 -59.185349
-5.545446 -58.225068
-5.614705 -57.252611
-5.682790 -56.268182
-5.749687 -55.271987
-5.815382 -54.264234
-5.879862 -53.245133
-5.943112 -52.214899
-6.005120 -51.173745
-6.065873 -50.121891
-6.125358 -49.059555
-6.183563 -47.986959
-6.240474 -46.904329
-6.296082 -45.811889
-6.350373 -44.709870
-6.403337 -43.598500
-6.454962 -42.478012
-6.505237 -41.348641
-6.554153 -40.210623
-6.601699 -39.064195
-6.647865 -37.909597
-6.692641 -36.747071
-6.736017 -35.576859
-6.777986 -34.399207
-6.818538 -33.214359
-6.857664 -32.022565
-6.895357 -30.824073
-6.931608 -29.619134
-6.966411 -28.407999
-6.999757 -27.190922
-7.031639 -25.968158
-7.062052 -24.739961
-7.090988 -23.506589
-7.118442 -22.268299
-7.144408 -21.025351
-7.168880 -19.778004
-7.191853 -18.526519
-7.213323 -17.271157
-7.233285 -16.012181
-7.251735 -14.749855
-7.268669 -13.484442
-7.284083 -12.216206
-7.297974 -10.945413
-7.310340 -9.672329
-7.321177 -8.397219
-7.330484 -7.120351
-7.338258 -5.841990
-7.344498 -4.562405
-7.349203 -3.281863
-7.352371 -2.000632
-7.354002 -0.718979
-7.354096 0.562828
-7.352652 1.844520
-7.349671 3.125830
-7.345154 4.406490
-7.339100 5.686231
-7.331513 6.964788
-7.322392 8.241891
-7.311741 9.517274
-7.299561 10.790671
-7.285855 12.061816
-7.270626 13.330442
-7.253877 14.596284
-7.235611 15.859078
-7.215833 17.118559
-7.194545 18.374465
-7.171754 19.626532
-7.147463 20.874500
-7.121678 22.118107
-7.094404 23.357092
-7.065646 24.591198
-7.035412 25.820166
-7.003706 27.043738
-6.970536 28.261660
-6.935909 29.473677
-6.899832 30.679535
-6.862312 31.878982
-6.823357 33.071767
-6.782976 34.257641
-6.741176 35.436356
-6.697967 36.607666
-6.653358 37.771325
-6.607357 38.927090
-6.559975 40.074721
-6.511222 41.213975
-6.461107 42.344617
-6.409641 43.466409
-6.356835 44.579116
-6.302700 45.682506
-6.247247 46.776348
-6.190488 47.860414
-6.132434 48.934477
-6.073098 49.998312
-6.012493 51.051697
-5.950630 52.094411
-5.887523 53.126237
-5.823185 54.146959
-5.757630 55.156363
-5.690870 56.154239
-5.622921 57.140377
-5.553796 58.114572
-5.483509 59.076619
-5.412076 60.026319
-5.339512 60.963471
-5.265831 61.887880
-5.191048 62.799353
-5.115181 63.697700
-5.038244 64.582732
-4.960253 65.454264
-4.881225 66.312114
-4.801176 67.156103
-4.720124 67.986054
-4.638084 68.801793
-4.555075 69.603151
-4.471113 70.389959
-4.386216 71.162053
-4.300401 71.919272
-4.213688 72.661457
-4.126093 73.388453
-4.037636 74.100108
-3.948334 74.796273
-3.858206 75.476802
-3.767272 76.141554
-3.675550 76.790389
-3.583059 77.423171
-3.489819 78.039769
-3.395849 78.640053
-3.301169 79.223897
-3.205798 79.791181
-3.109757 80.341784
-3.013066 80.875592
-2.915744 81.392493
-2.817813 81.892379
-2.719292 82.375145
-2.620202 82.840691
-2.520565 83.288920
-2.420400 83.719736
-2.319729 84.133051
-2.218573 84.528778
-2.116952 84.906834
-2.014889 85.267140
-1.912404 85.609620
-1.809519 85.934203
-1.706256 86.240822
-1.602636 86.529411
-1.498680 86.799911
-1.394411 87.052265
-1.289850 87.286419
-1.185019 87.502326
-1.079940 87.699940
-0.974635 87.879220
-0.869126 88.040127
-0.763435 88.182629
-0.657584 88.306695
-0.551595 88.412300
-0.445491 88.499422
-0.339293 88.568041
-0.233024 88.618144
-0.126706 88.649721
-0.020362 88.662764
0.085987 88.657271
0.192319 88.633242
0.298610 88.590684
0.404839 88.529604
0.510984 88.450016
0.617023 88.351936
0.722933 88.235384
0.828691 88.100386
0.934277 87.946968
1.039668 87.775163
1.144842 87.585007
1.249776 87.376540
1.354450 87.149805
1.458841 86.904849
1.562927 86.641724
1.666686 86.360485
1.770097 86.061190
1.873139 85.743902
1.975789 85.408687
2.078026 85.055615
2.179830 84.684761
2.281177 84.296201
2.382048 83.890016
2.482422 83.466292
2.582276 83.025118
2.681591 82.566584
2.780346 82.090788
2.878519 81.597828
2.976091 81.087807
3.073041 80.560833
3.169349 80.017015
3.264995 79.456467
3.359958 78.879306
3.454219 78.285653
3.547758 77.675631
3.640556 77.049369
3.732592 76.406997
3.823849 75.748649
3.914306 75.074463
4.003946 74.384580
4.092748 73.679144
4.180695 72.958303
4.267768 72.222206
4.353949 71.471009
4.439220 70.704868
4.523564 69.923943
4.606962 69.128398
4.689396 68.318398
4.770851 67.494113
4.851308 66.655715
4.930752 65.803380
5.009165 64.937286
5.086530 64.057613
5.162833 63.164546
5.238056 62.258271
5.312185 61.338978
5.385203 60.406859
5.457095 59.462108
5.527847 58.504924
5.597443 57.535506
5.665869 56.554057
5.733111 55.560781
5.799154 54.555888
5.863986 53.539586
5.927591 52.512089
5.989957 51.473610
6.051071 50.424368
6.110921 49.364581
6.169492 48.294470
6.226774 47.214261
6.282755 46.124178
6.337422 45.024449
6.390764 43.915304
6.442771 42.796976
6.493430 41.669697
6.542733 40.533704
6.590667 39.389233
6.637224 38.236525
6.682393 37.075820
6.726165 35.907361
6.768531 34.731392
6.809482 33.548158
6.849010 32.357909
6.887106 31.160891
6.923762 29.957355
6.958971 28.747553
6.992725 27.531739
7.025017 26.310165
7.055841 25.083087
7.085189 23.850763
7.113056 22.613449
7.139437 21.371404
7.164324 20.124888
7.187714 18.874161
7.209602 17.619485
7.229982 16.361123
7.248851 15.099337
7.266204 13.834390
7.282038 12.566549
7.296350 11.296077
7.309136 10.023240
7.320395 8.748304
7.330123 7.471536
7.338318 6.193203
7.344980 4.913571
7.350105 3.632909
7.353695 2.351485
7.355746 1.069565
7.356260 -0.212581
7.355236 -1.494686
7.352675 -2.776482
7.348576 -4.057701
7.342941 -5.338075
7.335770 -6.617336
7.327066 -7.895216
7.316830 -9.171450
7.305065 -10.445769
7.291772 -11.717908
7.276955 -12.987600
7.260616 -14.254580
7.242759 -15.518583
7.223388 -16.779345
7.202507 -18.036602
7.180120 -19.290092
7.156232 -20.539552
7.130848 -21.784721
7.103972 -23.025339
7.075612 -24.261146
7.045772 -25.491885
7.014459 -26.717297
6.981680 -27.937126
6.947441 -29.151118
6.911749 -30.359019
6.874612 -31.560575
6.836038 -32.755537
6.796035 -33.943653
6.754611 -35.124676
6.711774 -36.298359
6.667534 -37.464456
6.621900 -38.622724
6.574882 -39.772920
6.526489 -40.914804
6.476731 -42.048137
6.425619 -43.172682
6.373164 -44.288204
6.319376 -45.394469
6.264267 -46.491248
6.207848 -47.578309
6.150131 -48.655426
6.091128 -49.722374
6.030851 -50.778929
5.969314 -51.824871
5.906528 -52.859981
5.842508 -53.884043
5.777265 -54.896841
5.710815 -55.898166
5.643171 -56.887806
5.574347 -57.865556
5.504357 -58.831211
5.433216 -59.784569
5.360939 -60.725430
5.287541 -61.653599
5.213038 -62.568880
5.137444 -63.471082
5.060777 -64.360017
4.983051 -65.235499
4.904283 -66.097345
4.824489 -66.945375
4.743687 -67.779410
4.661893 -68.599278
4.579124 -69.404806
4.495397 -70.195826
4.410730 -70.972173
4.325141 -71.733684
4.238648 -72.480199
4.151268 -73.211564
4.063020 -73.927625
3.973923 -74.628232
3.883994 -75.313238
3.793253 -75.982501
3.701719 -76.635880
3.609411 -77.273240
3.516348 -77.894445
3.422549 -78.499368
3.328035 -79.087880
3.232825 -79.659860
3.136938 -80.215187
3.040396 -80.753745
2.943218 -81.275422
2.845424 -81.780108
2.747035 -82.267699
2.648071 -82.738091
2.548554 -83.191187
2.448503 -83.626892
2.347941 -84.045115
2.246887 -84.445767
2.145363 -84.828767
2.043391 -85.194032
1.940991 -85.541488
1.838184 -85.871060
1.734994 -86.182681
1.631440 -86.476285
1.527545 -86.751811
1.423331 -87.009200
1.318818 -87.248400
1.214030 -87.469360
1.108987 -87.672033
1.003713 -87.856378
0.898228 -88.022356
0.792555 -88.169932
0.686717 -88.299075
0.580734 -88.409758
0.474630 -88.501959
0.368426 -88.575657
0.262145 -88.630837
0.155809 -88.667487
0.049440 -88.685601
-0.056940 -88.685173
-0.163308 -88.666205
-0.269642 -88.628699
-0.375920 -88.572665
-0.482119 -88.498113
-0.588218 -88.405059
-0.694195 -88.293522
-0.800026 -88.163526
-0.905691 -88.015098
-1.011166 -87.848268
-1.116431 -87.663073
-1.221462 -87.459549
-1.326238 -87.237741
-1.430737 -86.997693
-1.534937 -86.739457
-1.638817 -86.463086
-1.742354 -86.168638
-1.845528 -85.856174
-1.948315 -85.525760
-2.050696 -85.177465
-2.152648 -84.811361
-2.254151 -84.427526
-2.355182 -84.026038
-2.455721 -83.606983
-2.555747 -83.170448
-2.655239 -82.716523
-2.754177 -82.245304
-2.852538 -81.756890
-2.950304 -81.251381
-3.047453 -80.728885
-3.143965 -80.189510
-3.239820 -79.633368
-3.334998 -79.060577
-3.429479 -78.471256
-3.523243 -77.865527
-3.616271 -77.243518
-3.708543 -76.605358
-3.800040 -75.951182
-3.890743 -75.281125
-3.980633 -74.595328
-4.069690 -73.893934
-4.157897 -73.177089
-4.245235 -72.444944
-4.331686 -71.697651
-4.417231 -70.935367
-4.501853 -70.158251
-4.585534 -69.366466
-4.668257 -68.560176
-4.750004 -67.739551
-4.830758 -66.904762
-4.910502 -66.055983
-4.989220 -65.193392
-5.066895 -64.317170
-5.143511 -63.427498
-5.219052 -62.524564
-5.293502 -61.608556
-5.366845 -60.679666
-5.439067 -59.738087
-5.510151 -58.784017
-5.580084 -57.817654
-5.648850 -56.839202
-5.716436 -55.848864
-5.782827 -54.846847
-5.848008 -53.833362
-5.911968 -52.808619
-5.974691 -51.772833
-6.036166 -50.726221
-6.096379 -49.669001
-6.155317 -48.601394
-6.212969 -47.523624
-6.269322 -46.435915
-6.324365 -45.338496
-6.378085 -44.231595
-6.430472 -43.115444
-6.481515 -41.990276
-6.531203 -40.856327
-6.579525 -39.713833
-6.626473 -38.563034
-6.672035 -37.404169
-6.716202 -36.237482
-6.758965 -35.063216
-6.800315 -33.881616
-6.840244 -32.692930
-6.878742 -31.497405
-6.915803 -30.295293
-6.951418 -29.086844
-6.985580 -27.872311
-7.018281 -26.651948
-7.049515 -25.426010
-7.079276 -24.194753
-7.107556 -22.958434
-7.134351 -21.717313
-7.159654 -20.471648
-7.183461 -19.221700
-7.205765 -17.967730
-7.226563 -16.710001
-7.245851 -15.448775
-7.263624 -14.184316
-7.279878 -12.916888
-7.294610 -11.646757
-7.307817 -10.374187
-7.319497 -9.099445
-7.329646 -7.822798
-7.338263 -6.544512
-7.345346 -5.264854
-7.350893 -3.984093
-7.354903 -2.702495
-7.357376 -1.420329
-7.358310 -0.137863
-7.357707 1.144635
-7.355565 2.426897
-7.351885 3.708655
-7.346668 4.989641
-7.339915 6.269587
-7.331628 7.548226
-7.321807 8.825290
-7.310457 10.100512
-7.297577 11.373625
-7.283172 12.644364
-7.267245 13.912463
-7.249798 15.177657
-7.230835 16.439680
-7.210360 17.698270
-7.188378 18.953163
-7.164893 20.204097
-7.139911 21.450810
-7.113435 22.693041
-7.085472 23.930531
-7.056028 25.163022
-7.025108 26.390255
-6.992720 27.611974
-6.958870 28.827923
-6.923565 30.037848
-6.886812 31.241497
-6.848619 32.438618
-6.808995 33.628959
-6.767946 34.812273
-6.725483 35.988312
-6.681614 37.156830
-6.636347 38.317583
-6.589693 39.470328
-6.541662 40.614824
-6.492262 41.750832
-6.441505 42.878115
-6.389402 43.996436
-6.335962 45.105561
-6.281198 46.205260
-6.225120 47.295301
-6.167740 48.375457
-6.109072 49.445503
-6.049125 50.505214
-5.987914 51.554369
-5.925451 52.592748
-5.861749 53.620135
-5.796821 54.636314
-5.730682 55.641074
-5.663344 56.634203
-5.594821 57.615495
-5.525129 58.584744
-5.454282 59.541747
-5.382294 60.486305
-5.309181 61.418220
-5.234958 62.337296
-5.159640 63.243343
-5.083243 64.136169
-5.005783 65.015590
-4.927276 65.881420
-4.847740 66.733479
-4.767189 67.571589
-4.685642 68.395574
-4.603114 69.205262
-4.519625 70.000484
-4.435190 70.781073
-4.349827 71.546866
-4.263555 72.297704
-4.176392 73.033428
-4.088355 73.753886
-3.999463 74.458926
-3.909735 75.148401
-3.819189 75.822167
-3.727845 76.480083
-3.635721 77.122012
-3.542836 77.747819
-3.449211 78.357373
-3.354864 78.950546
-3.259816 79.527216
-3.164086 80.087261
-3.067694 80.630564
-2.970660 81.157011
-2.873006 81.666492
-2.774750 82.158902
-2.675914 82.634136
-2.576518 83.092095
-2.476584 83.532684
-2.376131 83.955810
-2.275182 84.361385
-2.173756 84.749325
-2.071876 85.119547
-1.969562 85.471975
-1.866837 85.806534
-1.763720 86.123155
-1.660235 86.421772
-1.556403 86.702322
-1.452244 86.964746
-1.347782 87.208990
-1.243038 87.435002
-1.138034 87.642735
-1.032791 87.832145
-0.927333 88.003194
-0.821680 88.155844
-0.715855 88.290065
-0.609880 88.405828
-0.503777 88.503108
-0.397569 88.581886
-0.291278 88.642145
-0.184925 88.683872
-0.078533 88.707058
0.027875 88.711699
0.134278 88.697794
0.240653 88.665345
0.346978 88.614359
0.453230 88.544847
0.559389 88.456823
0.665430 88.350306
0.771333 88.225318
0.877074 88.081884
0.982633 87.920035
1.087986 87.739805
1.193113 87.541232
1.297990 87.324356
1.402596 87.089223
1.506909 86.835882
1.610907 86.564386
1.714569 86.274792
1.817872 85.967161
1.920796 85.641556
2.023318 85.298045
2.125418 84.936701
2.227073 84.557598
2.328264 84.160817
2.428967 83.746440
2.529164 83.314553
2.628831 82.865247
2.727950 82.398616
2.826498 81.914756
2.924456 81.413771
3.021802 80.895763
3.118517 80.360841
3.214580 79.809118
3.309972 79.240707
3.404671 78.655729
3.498659 78.054306
3.591916 77.436562
3.684423 76.802628
3.776159 76.152635
3.867106 75.486720
3.957244 74.805022
4.046556 74.107682
4.135022 73.394848
4.222623 72.666668
4.309342 71.923293
4.395161 71.164881
4.480060 70.391588
4.564024 69.603577
4.647033 68.801012
4.729071 67.984062
4.810120 67.152896
4.890164 66.307689
4.969186 65.448617
5.047170 64.575860
5.124098 63.689601
5.199955 62.790023
5.274725 61.877317
5.348393 60.951671
5.420943 60.013281
5.492359 59.062341
5.562628 58.099052
5.631733 57.123613
5.699662 56.136229
5.766399 55.137107
5.831931 54.126455
5.896243 53.104484
5.959324 52.071409
6.021158 51.027445
6.081734 49.972810
6.141038 48.907724
6.199059 47.832412
6.255784 46.747096
6.311201 45.652005
6.365298 44.547366
6.418066 43.433411
6.469491 42.310374
6.519564 41.178487
6.568275 40.037989
6.615612 38.889118
6.661566 37.732113
6.706128 36.567217
6.749287 35.394673
6.791036 34.214726
6.831365 33.027623
6.870266 31.833612
6.907731 30.632943
6.943752 29.425867
6.978321 28.212635
7.011431 26.993502
7.043076 25.768723
7.073248 24.538553
7.101942 23.303250
7.129150 22.063072
7.154869 20.818278
7.179092 19.569129
7.201813 18.315885
7.223030 17.058809
7.242736 15.798164
7.260928 14.534212
7.277602 13.267218
7.292755 11.997448
7.306383 10.725166
7.318484 9.450638
7.329054 8.174132
7.338093 6.895913
7.345597 5.616250
7.351565 4.335408
7.355997 3.053658
7.358891 1.771265
7.360246 0.488499
7.360063 -0.794372
7.358340 -2.077080
7.355080 -3.359358
7.350282 -4.640937
7.343947 -5.921548
7.336076 -7.200925
7.326672 -8.478800
7.315737 -9.754905
7.303271 -11.028974
7.289279 -12.300741
7.273763 -13.569939
7.256726 -14.836303
7.238172 -16.099569
7.218105 -17.359472
7.196528 -18.615750
7.173447 -19.868138
7.148866 -21.116376
7.122791 -22.360203
7.095226 -23.599358
7.066178 -24.833582
7.035653 -26.062618
7.003657 -27.286208
6.970196 -28.504097
6.935278 -29.716029
6.898910 -30.921752
6.861099 -32.121014
6.821855 -33.313563
6.781183 -34.499150
6.739094 -35.677528
6.695596 -36.848451
6.650698 -38.011672
6.604410 -39.166950
6.556740 -40.314042
6.507700 -41.452708
6.457299 -42.582712
6.405548 -43.703815
6.352458 -44.815785
6.298039 -45.918388
6.242304 -47.011394
6.185263 -48.094575
6.126929 -49.167703
6.067315 -50.230555
6.006431 -51.282908
5.944292 -52.324542
5.880909 -53.355240
5.816297 -54.374786
5.750469 -55.382966
5.683439 -56.379571
5.615220 -57.364391
5.545827 -58.337220
5.475274 -59.297856
5.403577 -60.246098
5.330749 -61.181746
5.256807 -62.104606
5.181766 -63.014485
5.105642 -63.911191
5.028449 -64.794539
4.950205 -65.664342
4.870927 -66.520420
4.790629 -67.362592
4.709330 -68.190684
4.627046 -69.004522
4.543795 -69.803935
4.459593 -70.588757
4.374459 -71.358823
4.288410 -72.113972
4.201464 -72.854047
4.113640 -73.578893
4.024955 -74.288358
3.935429 -74.982294
3.845079 -75.660555
3.753926 -76.323000
3.661988 -76.969490
3.569283 -77.599891
3.475833 -78.214069
3.381655 -78.811898
3.286770 -79.393251
3.191198 -79.958007
3.094958 -80.506049
2.998072 -81.037260
2.900558 -81.551532
2.802437 -82.048755
2.703730 -82.528825
2.604458 -82.991644
2.504641 -83.437112
2.404300 -83.865139
2.303456 -84.275633
2.202131 -84.668509
2.100344 -85.043685
1.998119 -85.401082
1.895475 -85.740626
1.792435 -86.062245
1.689020 -86.365873
1.585251 -86.651445
1.481151 -86.918903
1.376741 -87.168189
1.272043 -87.399253
1.167078 -87.612044
1.061870 -87.806520
0.956439 -87.982639
0.850807 -88.140365
0.744998 -88.279664
0.639033 -88.400507
0.532933 -88.502869
0.426722 -88.586728
0.320422 -88.652068
0.214054 -88.698873
0.107642 -88.727135
0.001206 -88.736848
-0.105230 -88.728008
-0.211644 -88.700619
-0.318014 -88.654685
-0.424318 -88.590217
-0.530534 -88.507228
-0.636639 -88.405735
-0.742611 -88.285759
-0.848428 -88.147325
-0.954068 -87.990462
-1.059509 -87.815204
-1.164729 -87.621586
-1.269705 -87.409648
-1.374417 -87.179436
-1.478841 -86.930998
-1.582956 -86.664384
-1.686741 -86.379652
-1.790173 -86.076860
-1.893231 -85.756071
-1.995894 -85.417353
-2.098139 -85.060776
-2.199947 -84.686416
-2.301294 -84.294349
-2.402161 -83.884659
-2.502526 -83.457430
-2.602367 -83.012752
-2.701666 -82.550718
-2.800399 -82.071425
-2.898547 -81.574972
-2.996090 -81.061463
-3.093006 -80.531006
-3.189276 -79.983711
-3.284880 -79.419694
-3.379797 -78.839071
-3.474007 -78.241964
-3.567492 -77.628498
-3.660231 -76.998801
-3.752205 -76.353004
-3.843395 -75.691244
-3.933781 -75.013657
-4.023345 -74.320386
-4.112069 -73.611576
-4.199933 -72.887374
-4.286919 -72.147932
-4.373009 -71.393404
-4.458185 -70.623949
-4.542429 -69.839727
-4.625724 -69.040902
-4.708052 -68.227641
-4.789396 -67.400114
-4.869739 -66.558494
-4.949063 -65.702956
-5.027354 -64.833681
-5.104593 -63.950848
-5.180766 -63.054644
-5.255856 -62.145255
-5.329847 -61.222871
-5.402724 -60.287685
-5.474471 -59.339893
-5.545075 -58.379693
-5.614519 -57.407285
-5.682789 -56.422872
-5.749872 -55.426662
-5.815753 -54.418861
-5.880418 -53.399680
-5.943854 -52.369333
-6.006047 -51.328034
-6.066985 -50.276002
-6.126654 -49.213457
-6.185043 -48.140620
-6.242139 -47.057716
-6.297930 -45.964970
-6.352405 -44.862613
-6.405552 -43.750873
-6.457359 -42.629984
-6.507817 -41.500180
-6.556914 -40.361696
-6.604641 -39.214772
-6.650987 -38.059646
-6.695942 -36.896560
-6.739498 -35.725758
-6.781645 -34.547483
-6.822375 -33.361983
-6.861678 -32.169505
-6.899546 -30.970299
-6.935972 -29.764614
-6.970949 -28.552704
-7.004468 -27.334822
-7.036522 -26.111221
-7.067106 -24.882159
-7.096212 -23.647891
-7.123835 -22.408677
-7.149969 -21.164774
-7.174608 -19.916444
-7.197746 -18.663946
-7.219381 -17.407543
-7.239506 -16.147498
-7.258117 -14.884074
-7.275211 -13.617534
-7.290784 -12.348145
-7.304833 -11.076171
-7.317355 -9.801877
-7.328347 -8.525532
-7.337807 -7.247401
-7.345733 -5.967751
-7.352123 -4.686850
-7.356976 -3.404967
-7.360291 -2.122368
-7.362067 -0.839322
-7.3623