1.038276 0.000000
1.038252 -0.073920
1.038179 -0.148584
1.038058 -0.223240
1.037887 -0.297886
1.037668 -0.372518
1.037400 -0.447133
1.037083 -0.521726
1.036718 -0.596296
1.036304 -0.670837
1.035841 -0.745346
1.035329 -0.819821
1.034768 -0.894257
1.034159 -0.968651
1.033502 -1.043000
1.032795 -1.117300
1.032040 -1.191547
1.031237 -1.265738
1.030385 -1.339870
1.029485 -1.413939
1.028536 -1.487941
1.027539 -1.561874
1.026493 -1.635733
1.025400 -1.709515
1.024258 -1.783217
1.023068 -1.856835
1.021829 -1.930365
1.020543 -2.003805
1.019209 -2.077151
1.017827 -2.150400
1.016397 -2.223547
1.014919 -2.296589
1.013393 -2.369524
1.011820 -2.442347
1.010199 -2.515056
1.008531 -2.587646
1.006815 -2.660115
1.005052 -2.732459
1.003241 -2.804674
1.001384 -2.876757
0.999479 -2.948705
0.997528 -3.020515
0.995529 -3.092182
0.993484 -3.163705
0.991391 -3.235078
0.989253 -3.306299
0.987068 -3.377365
0.984836 -3.448273
0.982558 -3.519018
0.980234 -3.589597
0.977863 -3.660008
0.975447 -3.730247
0.972985 -3.800310
0.970477 -3.870195
0.967924 -3.939898
0.965325 -4.009416
0.962680 -4.078745
0.959990 -4.147882
0.957256 -4.216824
0.954476 -4.285569
0.951651 -4.354111
0.948781 -4.422449
0.945867 -4.490579
0.942909 -4.558498
0.939906 -4.626203
0.936859 -4.693690
0.933767 -4.760956
0.930632 -4.827999
0.927453 -4.894814
0.924231 -4.961400
0.920965 -5.027752
0.917656 -5.093868
0.914303 -5.159744
0.910908 -5.225378
0.907469 -5.290766
0.903988 -5.355905
0.900465 -5.420793
0.896899 -5.485425
0.893291 -5.549800
0.889641 -5.613914
0.885949 -5.677764
0.882216 -5.741346
0.878441 -5.804659
0.874624 -5.867699
0.870767 -5.930463
0.866869 -5.992949
0.862930 -6.055152
0.858950 -6.117071
0.854930 -6.178702
0.850869 -6.240043
0.846769 -6.301090
0.842629 -6.361841
0.838449 -6.422293
0.834230 -6.482443
0.829971 -6.542288
0.825674 -6.601826
0.821337 -6.661053
0.816963 -6.719967
0.812549 -6.778565
0.808098 -6.836844
0.803608 -6.894802
0.799081 -6.952435
0.794516 -7.009742
0.789913 -7.066719
0.785274 -7.123364
0.780597 -7.179674
0.775884 -7.235646
0.771135 -7.291278
0.766349 -7.346568
0.761527 -7.401511
0.756669 -7.456107
0.751776 -7.510352
0.746847 -7.564244
0.741883 -7.617781
0.736885 -7.670959
0.731851 -7.723777
0.726784 -7.776231
0.721682 -7.828320
0.716546 -7.880040
0.711376 -7.931391
0.706173 -7.982368
0.700937 -8.032970
0.695668 -8.083194
0.690366 -8.133038
0.685031 -8.182499
0.679665 -8.231576
0.674266 -8.280266
0.668836 -8.328566
0.663374 -8.376475
0.657881 -8.423990
0.652357 -8.471109
0.646803 -8.517830
0.641218 -8.564150
0.635602 -8.610067
0.629957 -8.655580
0.624283 -8.700685
0.618579 -8.745382
0.612846 -8.789667
0.607084 -8.833539
0.601293 -8.876995
0.595474 -8.920034
0.589628 -8.962654
0.583753 -9.004852
0.577851 -9.046627
0.571922 -9.087976
0.565966 -9.128898
0.559983 -9.169391
0.553974 -9.209453
0.547939 -9.249081
0.541878 -9.288275
0.535792 -9.327032
0.529681 -9.365350
0.523544 -9.403228
0.517383 -9.440664
0.511198 -9.477656
0.504988 -9.514202
0.498755 -9.550301
0.492498 -9.585951
0.486219 -9.621150
0.479916 -9.655896
0.473591 -9.690189
0.467243 -9.724026
0.460874 -9.757405
0.454482 -9.790326
0.448070 -9.822787
0.441636 -9.854785
0.435182 -9.886320
0.428707 -9.917391
0.422212 -9.947995
0.415697 -9.978131
0.409163 -10.007798
0.402609 -10.036994
0.396036 -10.065719
0.389445 -10.093970
0.382836 -10.121746
0.376208 -10.149046
0.369563 -10.175870
0.362900 -10.202214
0.356220 -10.228079
0.349524 -10.253463
0.342811 -10.278365
0.336082 -10.302784
0.329337 -10.326718
0.322577 -10.350166
0.315801 -10.373128
0.309011 -10.395602
0.302206 -10.417587
0.295387 -10.439083
0.288554 -10.460087
0.281707 -10.480600
0.274847 -10.500619
0.267974 -10.520145
0.261089 -10.539177
0.254191 -10.557712
0.247282 -10.575751
0.240360 -10.593293
0.233428 -10.610337
0.226484 -10.626882
0.219530 -10.642927
0.212565 -10.658471
0.205591 -10.673515
0.198607 -10.688056
0.191613 -10.702095
0.184611 -10.715631
0.177599 -10.728663
0.170580 -10.741190
0.163552 -10.753212
0.156517 -10.764728
0.149474 -10.775739
0.142424 -10.786242
0.135368 -10.796238
0.128305 -10.805727
0.121236 -10.814708
0.114162 -10.823180
0.107082 -10.831143
0.099997 -10.838596
0.092907 -10.845540
0.085813 -10.851974
0.078715 -10.857898
0.071613 -10.863311
0.064508 -10.868213
0.057400 -10.872604
0.050289 -10.876484
0.043176 -10.879853
0.036060 -10.882709
0.028943 -10.885055
0.021825 -10.886888
0.014705 -10.888209
0.007585 -10.889018
0.000465 -10.889315
-0.006656 -10.889100
-0.013776 -10.888373
-0.020895 -10.887134
-0.028014 -10.885383
-0.035131 -10.883120
-0.042247 -10.880346
-0.049361 -10.877059
-0.056472 -10.873262
-0.063581 -10.868953
-0.070686 -10.864132
-0.077789 -10.858801
-0.084887 -10.852959
-0.091982 -10.846607
-0.099072 -10.839745
-0.106158 -10.832373
-0.113239 -10.824492
-0.120314 -10.816101
-0.127384 -10.807202
-0.134448 -10.797795
-0.141505 -10.787880
-0.148556 -10.777458
-0.155600 -10.766529
-0.162637 -10.755093
-0.169666 -10.743152
-0.176687 -10.730706
-0.183699 -10.717755
-0.190703 -10.704300
-0.197698 -10.690341
-0.204684 -10.675880
-0.211660 -10.660917
-0.218626 -10.645453
-0.225582 -10.629488
-0.232527 -10.613023
-0.239462 -10.596058
-0.246385 -10.578596
-0.253296 -10.560636
-0.260196 -10.542180
-0.267083 -10.523228
-0.273958 -10.503780
-0.280820 -10.483839
-0.287669 -10.463405
-0.294504 -10.442479
-0.301325 -10.421062
-0.308133 -10.399155
-0.314925 -10.376758
-0.321703 -10.353874
-0.328466 -10.330503
-0.335213 -10.306646
-0.341945 -10.282304
-0.348661 -10.257479
-0.355360 -10.232171
-0.362042 -10.206383
-0.368708 -10.180114
-0.375356 -10.153366
-0.381986 -10.126141
-0.388599 -10.098440
-0.395193 -10.070264
-0.401768 -10.041615
-0.408325 -10.012493
-0.414863 -9.982900
-0.421381 -9.952838
-0.427879 -9.922307
-0.434357 -9.891311
-0.440815 -9.859848
-0.447252 -9.827923
-0.453668 -9.795535
-0.460062 -9.762686
-0.466435 -9.729379
-0.472786 -9.695613
-0.479115 -9.661392
-0.485421 -9.626717
-0.491705 -9.591588
-0.497965 -9.556009
-0.504202 -9.519980
-0.510415 -9.483504
-0.516605 -9.446581
-0.522770 -9.409215
-0.528910 -9.371406
-0.535025 -9.333156
-0.541116 -9.294467
-0.547181 -9.255341
-0.553220 -9.215780
-0.559233 -9.175785
-0.565220 -9.135359
-0.571180 -9.094504
-0.577114 -9.053220
-0.583020 -9.011511
-0.588899 -8.969378
-0.594750 -8.926823
-0.600573 -8.883849
-0.606368 -8.840456
-0.612135 -8.796648
-0.617872 -8.752426
-0.623581 -8.707793
-0.629260 -8.662750
-0.634910 -8.617300
-0.640530 -8.571444
-0.646120 -8.525185
-0.651679 -8.478526
-0.657208 -8.431467
-0.662706 -8.384012
-0.668173 -8.336163
-0.673608 -8.287922
-0.679011 -8.239291
-0.684383 -8.190272
-0.689723 -8.140869
-0.695030 -8.091082
-0.700304 -8.040915
-0.705546 -7.990370
-0.710754 -7.939449
-0.715929 -7.888154
-0.721070 -7.836489
-0.726177 -7.784455
-0.731250 -7.732055
-0.736289 -7.679292
-0.741293 -7.626167
-0.746263 -7.572683
-0.751197 -7.518844
-0.756096 -7.464650
-0.760959 -7.410106
-0.765787 -7.355213
-0.770578 -7.299975
-0.775334 -7.244393
-0.780052 -7.188470
-0.784735 -7.132209
-0.789380 -7.075613
-0.793988 -7.018684
-0.798559 -6.961425
-0.803092 -6.903838
-0.807588 -6.845927
-0.812045 -6.787694
-0.816465 -6.729141
-0.820845 -6.670272
-0.825188 -6.611090
-0.829491 -6.551596
-0.833756 -6.491795
-0.837981 -6.431688
-0.842167 -6.371278
-0.846314 -6.310569
-0.850420 -6.249563
-0.854487 -6.188263
-0.858513 -6.126672
-0.862499 -6.064793
-0.866445 -6.002629
-0.870349 -5.940183
-0.874213 -5.877457
-0.878036 -5.814454
-0.881817 -5.751178
-0.885557 -5.687632
-0.889256 -5.623818
-0.892912 -5.559740
-0.896527 -5.495400
-0.900099 -5.430801
-0.903629 -5.365948
-0.907116 -5.300841
-0.910561 -5.235486
-0.913963 -5.169884
-0.917323 -5.104039
-0.920638 -5.037954
-0.923911 -4.971632
-0.927140 -4.905077
-0.930326 -4.838290
-0.933468 -4.771276
-0.936566 -4.704038
-0.939620 -4.636578
-0.942629 -4.568900
-0.945595 -4.501008
-0.948516 -4.432903
-0.951392 -4.364590
-0.954224 -4.296072
-0.957011 -4.227352
-0.959752 -4.158433
-0.962449 -4.089318
-0.965100 -4.020011
-0.967706 -3.950515
-0.970267 -3.880833
-0.972782 -3.810969
-0.975251 -3.740925
-0.977674 -3.670705
-0.980051 -3.600313
-0.982382 -3.529751
-0.984667 -3.459023
-0.986906 -3.388133
-0.989098 -3.317083
-0.991244 -3.245877
-0.993343 -3.174518
-0.995396 -3.103010
-0.997401 -3.031357
-0.999360 -2.959560
-1.001272 -2.887624
-1.003137 -2.815553
-1.004954 -2.743349
-1.006724 -2.671016
-1.008447 -2.598557
-1.010123 -2.525976
-1.011751 -2.453276
-1.013331 -2.380461
-1.014864 -2.307534
-1.016349 -2.234498
-1.017786 -2.161357
-1.019176 -2.088114
-1.020517 -2.014774
-1.021810 -1.941338
-1.023056 -1.867811
-1.024253 -1.794196
-1.025402 -1.720497
-1.026503 -1.646717
-1.027556 -1.572859
-1.028560 -1.498927
-1.029516 -1.424925
-1.030424 -1.350855
-1.031283 -1.276722
-1.032093 -1.202529
-1.032855 -1.128280
-1.033569 -1.053977
-1.034234 -0.979625
-1.034850 -0.905226
-1.035418 -0.830785
-1.035937 -0.756305
-1.036407 -0.681789
-1.036828 -0.607241
-1.037201 -0.532665
-1.037525 -0.458063
-1.037800 -0.383440
-1.038026 -0.308798
-1.038204 -0.234143
-1.038332 -0.159476
-1.038412 -0.084801
-1.038443 -0.010123
-1.038426 0.064557
-1.038359 0.139233
-1.038244 0.213902
-1.038079 0.288562
-1.037866 0.363208
-1.037604 0.437837
-1.037294 0.512446
-1.036934 0.587030
-1.036526 0.661587
-1.036069 0.736113
-1.035563 0.810604
-1.035009 0.885057
-1.034406 0.959469
-1.033754 1.033836
-1.033054 1.108154
-1.032305 1.182420
-1.031507 1.256630
-1.030661 1.330781
-1.029767 1.404870
-1.028824 1.478893
-1.027833 1.552847
-1.026793 1.626727
-1.025705 1.700531
-1.024569 1.774255
-1.023385 1.847895
-1.022153 1.921449
-1.020872 1.994913
-1.019544 2.068283
-1.018167 2.141555
-1.016743 2.214727
-1.015271 2.287795
-1.013751 2.360755
-1.012183 2.433604
-1.010568 2.506339
-1.008906 2.578956
-1.007196 2.651452
-1.005438 2.723823
-1.003633 2.796066
-1.001781 2.868178
-0.999882 2.940155
-0.997936 3.011994
-0.995943 3.083691
-0.993904 3.155243
-0.991817 3.226647
-0.989684 3.297899
-0.987504 3.368996
-0.985278 3.439935
-0.983005 3.510712
-0.980686 3.581324
-0.978322 3.651768
-0.975911 3.722040
-0.973454 3.792137
-0.970951 3.862055
-0.968403 3.931792
-0.965809 4.001345
-0.963170 4.070709
-0.960486 4.139882
-0.957756 4.208860
-0.954981 4.277640
-0.952162 4.346219
-0.949297 4.414594
-0.946388 4.482762
-0.943435 4.550718
-0.940437 4.618461
-0.937395 4.685986
-0.934309 4.753291
-0.931179 4.820373
-0.928005 4.887228
-0.924787 4.953853
-0.921526 5.020246
-0.918222 5.086402
-0.914874 5.152319
-0.911484 5.217994
-0.908050 5.283424
-0.904574 5.348605
-0.901055 5.413535
-0.897494 5.478210
-0.893891 5.542628
-0.890246 5.606785
-0.886558 5.670678
-0.882829 5.734305
-0.879059 5.797662
-0.875247 5.860747
-0.871394 5.923556
-0.867500 5.986086
-0.863566 6.048336
-0.859591 6.110300
-0.855575 6.171978
-0.851519 6.233365
-0.847423 6.294459
-0.843287 6.355257
-0.839111 6.415757
-0.834897 6.475954
-0.830642 6.535848
-0.826349 6.595434
-0.822017 6.654709
-0.817646 6.713672
-0.813237 6.772320
-0.808789 6.830648
-0.804304 6.888656
-0.799780 6.946340
-0.795219 7.003697
-0.790621 7.060725
-0.785985 7.117421
-0.781313 7.173782
-0.776603 7.229806
-0.771858 7.285490
-0.767076 7.340831
-0.762257 7.395827
-0.757403 7.450476
-0.752514 7.504774
-0.747589 7.558719
-0.742628 7.612309
-0.737633 7.665541
-0.732603 7.718413
-0.727539 7.770921
-0.722441 7.823064
-0.717308 7.874840
-0.712142 7.926245
-0.706942 7.977277
-0.701709 8.027934
-0.696443 8.078214
-0.691145 8.128114
-0.685814 8.177632
-0.680450 8.226765
-0.675055 8.275512
-0.669627 8.323869
-0.664169 8.371835
-0.658679 8.419407
-0.653158 8.466583
-0.647606 8.513362
-0.642024 8.559740
-0.636412 8.605715
-0.630770 8.651286
-0.625098 8.696450
-0.619397 8.741205
-0.613666 8.785549
-0.607907 8.829480
-0.602119 8.872996
-0.596303 8.916094
-0.590459 8.958773
-0.584587 9.001032
-0.578687 9.042866
-0.572760 9.084276
-0.566807 9.125258
-0.560826 9.165812
-0.554820 9.205934
-0.548787 9.245624
-0.542728 9.284878
-0.536644 9.323696
-0.530535 9.362076
-0.524401 9.400016
-0.518242 9.437513
-0.512058 9.474567
-0.505851 9.511175
-0.499620 9.547336
-0.493365 9.583048
-0.487087 9.618309
-0.480786 9.653118
-0.474463 9.687474
-0.468117 9.721373
-0.461749 9.754816
-0.455360 9.787800
-0.448949 9.820323
-0.442517 9.852385
-0.436064 9.883984
-0.429590 9.915117
-0.423097 9.945785
-0.416583 9.975985
-0.410050 10.005716
-0.403498 10.034976
-0.396927 10.063764
-0.390337 10.092079
-0.383728 10.119920
-0.377102 10.147285
-0.370458 10.174172
-0.363796 10.200581
-0.357117 10.226511
-0.350422 10.251959
-0.343710 10.276926
-0.336982 10.301409
-0.330238 10.325408
-0.323478 10.348921
-0.316704 10.371948
-0.309914 10.394487
-0.303110 10.416537
-0.296291 10.438097
-0.289459 10.459167
-0.282613 10.479745
-0.275754 10.499829
-0.268881 10.519421
-0.261996 10.538517
-0.255099 10.557118
-0.248190 10.575222
-0.241269 10.592830
-0.234337 10.609939
-0.227393 10.626549
-0.220439 10.642659
-0.213475 10.658269
-0.206500 10.673378
-0.199516 10.687985
-0.192523 10.702089
-0.185520 10.715690
-0.178509 10.728787
-0.171489 10.741380
-0.164461 10.753468
-0.157426 10.765050
-0.150383 10.776125
-0.143333 10.786694
-0.136276 10.796756
-0.129213 10.806310
-0.122144 10.815355
-0.115069 10.823893
-0.107988 10.831921
-0.100903 10.839440
-0.093813 10.846449
-0.086718 10.852948
-0.079619 10.858937
-0.072517 10.864415
-0.065411 10.869382
-0.058302 10.873838
-0.051190 10.877783
-0.044076 10.881216
-0.036960 10.884137
-0.029842 10.886547
-0.022722 10.888445
-0.015602 10.889831
-0.008481 10.890704
-0.001359 10.891066
0.005763 10.890915
0.012884 10.890252
0.020005 10.889077
0.027125 10.887390
0.034243 10.885191
0.041360 10.882480
0.048475 10.879258
0.055588 10.875524
0.062698 10.871278
0.069806 10.866521
0.076910 10.861253
0.084010 10.855475
0.091106 10.849186
0.098198 10.842386
0.105286 10.835077
0.112368 10.827259
0.119446 10.818931
0.126517 10.810094
0.133583 10.800749
0.140642 10.790896
0.147695 10.780536
0.154741 10.769669
0.161780 10.758295
0.168811 10.746415
0.175834 10.734030
0.182849 10.721141
0.189855 10.707747
0.196852 10.693849
0.203840 10.679449
0.210819 10.664546
0.217787 10.649142
0.224746 10.633237
0.231693 10.616832
0.238630 10.599928
0.245556 10.582525
0.252470 10.564625
0.259372 10.546228
0.266262 10.527335
0.273140 10.507947
0.280005 10.488064
0.286856 10.467689
0.293694 10.446821
0.300518 10.425462
0.307328 10.403613
0.314124 10.381274
0.320905 10.358447
0.327671 10.335134
0.334421 10.311334
0.341156 10.287049
0.347875 10.262280
0.354577 10.237029
0.361263 10.211297
0.367931 10.185084
0.374583 10.158392
0.381216 10.131222
0.387832 10.103576
0.394430 10.075455
0.401009 10.046861
0.407569 10.017793
0.414110 9.988255
0.420631 9.958246
0.427133 9.927770
0.433615 9.896827
0.440076 9.865418
0.446517 9.833545
0.452936 9.801210
0.459335 9.768414
0.465712 9.735158
0.472066 9.701445
0.478399 9.667275
0.484709 9.632651
0.490997 9.597574
0.497261 9.562045
0.503502 9.526067
0.509719 9.489641
0.515912 9.452769
0.522081 9.415452
0.528226 9.377692
0.534345 9.339491
0.540440 9.300851
0.546509 9.261773
0.552552 9.222260
0.558570 9.182314
0.564561 9.141935
0.570526 9.101127
0.576463 9.059890
0.582374 9.018228
0.588257 8.976141
0.594113 8.933632
0.599941 8.890703
0.605740 8.847356
0.611511 8.803593
0.617253 8.759416
0.622967 8.714827
0.628651 8.669828
0.634305 8.624421
0.639930 8.578609
0.645524 8.532393
0.651088 8.485776
0.656622 8.438760
0.662124 8.391348
0.667596 8.343540
0.673036 8.295340
0.678444 8.246750
0.683821 8.197772
0.689165 8.148409
0.694477 8.098662
0.699757 8.048535
0.705003 7.998029
0.710217 7.947146
0.715397 7.895890
0.720543 7.844263
0.725655 7.792267
0.730733 7.739904
0.735777 7.687178
0.740787 7.634089
0.745761 7.580642
0.750701 7.526839
0.755605 7.472681
0.760473 7.418172
0.765306 7.363314
0.770103 7.308109
0.774864 7.252561
0.779588 7.196672
0.784275 7.140444
0.788926 7.083881
0.793540 7.026984
0.798116 6.969757
0.802655 6.912203
0.807156 6.854323
0.811619 6.796120
0.816044 6.737598
0.820430 6.678760
0.824778 6.619607
0.829087 6.560142
0.833357 6.500370
0.837588 6.440291
0.841780 6.379910
0.845932 6.319228
0.850044 6.258250
0.854116 6.196977
0.858149 6.135412
0.862140 6.073559
0.866092 6.011420
0.870002 5.948999
0.873872 5.886298
0.877700 5.823320
0.881487 5.760068
0.885233 5.696545
0.888937 5.632754
0.892600 5.568698
0.896220 5.504381
0.899798 5.439804
0.903334 5.374972
0.906827 5.309887
0.910278 5.244552
0.913686 5.178970
0.917051 5.113145
0.920373 5.047080
0.923652 4.980777
0.926887 4.914239
0.930079 4.847471
0.933227 4.780474
0.936331 4.713253
0.939391 4.645810
0.942406 4.578149
0.945378 4.510272
0.948305 4.442183
0.951187 4.373885
0.954025 4.305381
0.956818 4.236675
0.959566 4.167770
0.962268 4.098668
0.964926 4.029374
0.967538 3.959890
0.970105 3.890220
0.972626 3.820367
0.975101 3.750334
0.977530 3.680125
0.979914 3.609743
0.982251 3.539191
0.984542 3.468472
0.986787 3.397590
0.988986 3.326549
0.991138 3.255351
0.993243 3.184000
0.995302 3.112499
0.997313 3.040852
0.999278 2.969061
1.001196 2.897131
1.003067 2.825065
1.004891 2.752866
1.006667 2.680537
1.008396 2.608082
1.010078 2.535504
1.011712 2.462808
1.013299 2.389995
1.014838 2.317070
1.016329 2.244036
1.017773 2.170896
1.019168 2.097654
1.020516 2.024314
1.021816 1.950878
1.023067 1.877350
1.024271 1.803734
1.025426 1.730033
1.026533 1.656251
1.027592 1.582391
1.028603 1.508457
1.029565 1.434451
1.030479 1.360378
1.031344 1.286241
1.032161 1.212043
1.032929 1.137788
1.033649 1.063480
1.034320 0.989122
1.034943 0.914717
1.035516 0.840269
1.036041 0.765781
1.036518 0.691258
1.036945 0.616702
1.037324 0.542116
1.037654 0.467506
1.037936 0.392873
1.038168 0.318222
1.038352 0.243555
1.038487 0.168877
1.038573 0.094192
1.038610 0.019501
1.038598 -0.055190
1.038538 -0.129879
1.038428 -0.204561
1.038270 -0.279234
1.038063 -0.353894
1.037807 -0.428538
1.037503 -0.503161
1.037149 -0.577761
1.036747 -0.652334
1.036296 -0.726876
1.035797 -0.801384
1.035248 -0.875854
1.034651 -0.950283
1.034005 -1.024667
1.033311 -1.099004
1.032568 -1.173288
1.031777 -1.247518
1.030937 -1.321689
1.030048 -1.395798
1.029111 -1.469841
1.028126 -1.543815
1.027092 -1.617717
1.026010 -1.691543
1.024880 -1.765289
1.023702 -1.838952
1.022475 -1.912529
1.021201 -1.986016
1.019878 -2.059409
1.018507 -2.132706
1.017089 -2.205903
1.015622 -2.278995
1.014108 -2.351981
1.012546 -2.424856
1.010937 -2.497617
1.009280 -2.570261
1.007576 -2.642784
1.005824 -2.715183
1.004025 -2.787454
1.002178 -2.859594
1.000285 -2.931600
0.998345 -3.003468
0.996357 -3.075194
0.994323 -3.146776
0.992242 -3.218211
0.990114 -3.289494
0.987940 -3.360622
0.985719 -3.431592
0.983452 -3.502401
0.981139 -3.573045
0.978779 -3.643522
0.976374 -3.713827
0.973922 -3.783957
0.971425 -3.853910
0.968882 -3.923681
0.966294 -3.993268
0.963660 -4.062667
0.960981 -4.131875
0.958256 -4.200889
0.955487 -4.269706
0.952672 -4.338322
0.949813 -4.406733
0.946909 -4.474938
0.943961 -4.542932
0.940968 -4.610713
0.937931 -4.678276
0.934850 -4.745620
0.931725 -4.812741
0.928556 -4.879636
0.925343 -4.946301
0.922087 -5.012733
0.918787 -5.078930
0.915445 -5.144888
0.912059 -5.210604
0.908630 -5.276075
0.905159 -5.341298
0.901645 -5.406270
0.898089 -5.470988
0.894490 -5.535449
0.890849 -5.599649
0.887167 -5.663586
0.883443 -5.727257
0.879677 -5.790658
0.875870 -5.853788
0.872021 -5.916642
0.868132 -5.979217
0.864202 -6.041512
0.860231 -6.103523
0.856220 -6.165246
0.852168 -6.226680
0.848076 -6.287821
0.843945 -6.348666
0.839774 -6.409213
0.835563 -6.469459
0.831313 -6.529400
0.827024 -6.589034
0.822696 -6.648359
0.818329 -6.707371
0.813924 -6.766067
0.809480 -6.824446
0.804999 -6.882503
0.800480 -6.940237
0.795923 -6.997645
0.791328 -7.054723
0.786696 -7.111470
0.782028 -7.167882
0.777322 -7.223958
0.772580 -7.279694
0.767802 -7.335087
0.762987 -7.390136
0.758137 -7.444837
0.753251 -7.499188
0.748330 -7.553186
0.743373 -7.606830
0.738382 -7.660115
0.733355 -7.713041
0.728295 -7.765604
0.723200 -7.817801
0.718070 -7.869631
0.712908 -7.921091
0.707711 -7.972179
0.702482 -8.022891
0.697219 -8.073227
0.691924 -8.123183
0.686596 -8.172757
0.681235 -8.221946
0.675843 -8.270749
0.670419 -8.319163
0.664963 -8.367186
0.659476 -8.414816
0.653958 -8.462049
0.648410 -8.508885
0.642831 -8.555321
0.637221 -8.601355
0.631582 -8.646984
0.625913 -8.692206
0.620214 -8.737020
0.614486 -8.781423
0.608730 -8.825413
0.602945 -8.868988
0.597131 -8.912146
0.591289 -8.954885
0.585420 -8.997203
0.579523 -9.039098
0.573599 -9.080568
0.567647 -9.121610
0.561669 -9.162224
0.555665 -9.202407
0.549635 -9.242158
0.543578 -9.281473
0.537496 -9.320353
0.531389 -9.358794
0.525257 -9.396795
0.519100 -9.434354
0.512919 -9.471469
0.506713 -9.508140
0.500484 -9.544363
0.494231 -9.580137
0.487955 -9.615461
0.481656 -9.650332
0.475335 -9.684750
0.468991 -9.718713
0.462624 -9.752218
0.456237 -9.785265
0.449827 -9.817852
0.443397 -9.849977
0.436946 -9.881639
0.430474 -9.912836
0.423982 -9.943567
0.417470 -9.973830
0.410938 -10.003625
0.404387 -10.032949
0.397817 -10.061801
0.391228 -10.090181
0.384621 -10.118085
0.377996 -10.145514
0.371353 -10.172466
0.364692 -10.198940
0.358015 -10.224934
0.351320 -10.250447
0.344609 -10.275478
0.337882 -10.300026
0.331139 -10.324090
0.324380 -10.347668
0.317606 -10.370759
0.310817 -10.393363
0.304014 -10.415478
0.297196 -10.437104
0.290364 -10.458238
0.283519 -10.478881
0.276660 -10.499031
0.269788 -10.518688
0.262904 -10.537849
0.256007 -10.556515
0.249098 -10.574685
0.242178 -10.592358
0.235246 -10.609532
0.228302 -10.626208
0.221349 -10.642384
0.214384 -10.658059
0.207410 -10.673233
0.200426 -10.687906
0.193433 -10.702075
0.186430 -10.715742
0.179419 -10.728904
0.172399 -10.741562
0.165371 -10.753715
0.158335 -10.765363
0.151292 -10.776504
0.144242 -10.787138
0.137185 -10.797265
0.130121 -10.806884
0.123051 -10.815995
0.115976 -10.824598
0.108895 -10.832691
0.101809 -10.840275
0.094718 -10.847349
0.087623 -10.853914
0.080524 -10.859967
0.073420 -10.865510
0.066314 -10.870543
0.059204 -10.875064
0.052091 -10.879073
0.044976 -10.882571
0.037859 -10.885557
0.030740 -10.888032
0.023620 -10.889994
0.016498 -10.891444
0.009376 -10.892382
0.002253 -10.892808
-0.004869 -10.892722
-0.011992 -10.892123
-0.019114 -10.891012
-0.026235 -10.889389
-0.033355 -10.887254
-0.040473 -10.884607
-0.047590 -10.881449
-0.054704 -10.877778
-0.061816 -10.873596
-0.068925 -10.868902
-0.076030 -10.863698
-0.083132 -10.857982
-0.090230 -10.851756
-0.097324 -10.845020
-0.104413 -10.837774
-0.111498 -10.830018
-0.118577 -10.821753
-0.125650 -10.812978
-0.132718 -10.803696
-0.139779 -10.793905
-0.146834 -10.783607
-0.153882 -10.772801
-0.160923 -10.761489
-0.167956 -10.749671
-0.174981 -10.737348
-0.181998 -10.724519
-0.189006 -10.711186
-0.196006 -10.697350
-0.202996 -10.683010
-0.209977 -10.668168
-0.216948 -10.652825
-0.223909 -10.636980
-0.230859 -10.620635
-0.237798 -10.603791
-0.244727 -10.586448
-0.251643 -10.568607
-0.258548 -10.550269
-0.265441 -10.531436
-0.272321 -10.512106
-0.279189 -10.492283
-0.286043 -10.471966
-0.292884 -10.451157
-0.299711 -10.429856
-0.306524 -10.408064
-0.313322 -10.385784
-0.320106 -10.363014
-0.326875 -10.339758
-0.333629 -10.316015
-0.340366 -10.291787
-0.347088 -10.267075
-0.353794 -10.241880
-0.360482 -10.216204
-0.367154 -10.190047
-0.373809 -10.163411
-0.380446 -10.136297
-0.387065 -10.108707
-0.393666 -10.080641
-0.400248 -10.052100
-0.406812 -10.023088
-0.413357 -9.993604
-0.419882 -9.963649
-0.426387 -9.933227
-0.432872 -9.902337
-0.439337 -9.870981
-0.445781 -9.839162
-0.452205 -9.806879
-0.458607 -9.774136
-0.464987 -9.740932
-0.471346 -9.707271
-0.477682 -9.673153
-0.483996 -9.638580
-0.490288 -9.603554
-0.496556 -9.568076
-0.502801 -9.532149
-0.509022 -9.495773
-0.515219 -9.458950
-0.521392 -9.421683
-0.527541 -9.383973
-0.533665 -9.345821
-0.539763 -9.307230
-0.545837 -9.268201
-0.551884 -9.228736
-0.557906 -9.188837
-0.563901 -9.148506
-0.569870 -9.107745
-0.575812 -9.066556
-0.581727 -9.024940
-0.587615 -8.982899
-0.593475 -8.940437
-0.599307 -8.897553
-0.605111 -8.854252
-0.610887 -8.810534
-0.616634 -8.766401
-0.622352 -8.721857
-0.628040 -8.676902
-0.633699 -8.631539
-0.639328 -8.585770
-0.644928 -8.539597
-0.650496 -8.493023
-0.656035 -8.446050
-0.661542 -8.398679
-0.667018 -8.350913
-0.672463 -8.302754
-0.677877 -8.254205
-0.683258 -8.205268
-0.688607 -8.155945
-0.693924 -8.106238
-0.699209 -8.056150
-0.704460 -8.005683
-0.709679 -7.954840
-0.714864 -7.903623
-0.720015 -7.852034
-0.725132 -7.800075
-0.730216 -7.747750
-0.735265 -7.695060
-0.740279 -7.642009
-0.745259 -7.588598
-0.750204 -7.534830
-0.755113 -7.480708
-0.759987 -7.426234
-0.764825 -7.371411
-0.769627 -7.316241
-0.774393 -7.260727
-0.779123 -7.204871
-0.783816 -7.148677
-0.788472 -7.092147
-0.793091 -7.035282
-0.797672 -6.978087
-0.802217 -6.920564
-0.806723 -6.862716
-0.811192 -6.804544
-0.815622 -6.746053
-0.820014 -6.687244
-0.824368 -6.628121
-0.828682 -6.568686
-0.832958 -6.508942
-0.837195 -6.448892
-0.841392 -6.388539
-0.845549 -6.327885
-0.849667 -6.266934
-0.853745 -6.205688
-0.857783 -6.144150
-0.861781 -6.082323
-0.865738 -6.020210
-0.869654 -5.957814
-0.873529 -5.895137
-0.877363 -5.832184
-0.881156 -5.768956
-0.884908 -5.705457
-0.888618 -5.641689
-0.892286 -5.577656
-0.895912 -5.513361
-0.899497 -5.448806
-0.903038 -5.383995
-0.906538 -5.318931
-0.909994 -5.253617
-0.913408 -5.188056
-0.916779 -5.122250
-0.920107 -5.056204
-0.923392 -4.989920
-0.926633 -4.923401
-0.929831 -4.856651
-0.932984 -4.789672
-0.936094 -4.722468
-0.939160 -4.655041
-0.942182 -4.587396
-0.945160 -4.519535
-0.948093 -4.451462
-0.950981 -4.383179
-0.953825 -4.314690
-0.956624 -4.245998
-0.959378 -4.177106
-0.962087 -4.108018
-0.964751 -4.038736
-0.967369 -3.969265
-0.969942 -3.899607
-0.972469 -3.829765
-0.974950 -3.759744
-0.977386 -3.689545
-0.979775 -3.619173
-0.982119 -3.548631
-0.984416 -3.477922
-0.986667 -3.407049
-0.988872 -3.336016
-0.991030 -3.264826
-0.993142 -3.193482
-0.995206 -3.121988
-0.997224 -3.050347
-0.999196 -2.978563
-1.001120 -2.906639
-1.002997 -2.834578
-1.004827 -2.762383
-1.006610 -2.690059
-1.008345 -2.617608
-1.010033 -2.545034
-1.011673 -2.472340
-1.013266 -2.399530
-1.014811 -2.326607
-1.016309 -2.253575
-1.017759 -2.180436
-1.019160 -2.107195
-1.020514 -2.033855
-1.021820 -1.960419
-1.023078 -1.886891
-1.024288 -1.813274
-1.025450 -1.739572
-1.026563 -1.665788
-1.027628 -1.591925
-1.028645 -1.517988
-1.029613 -1.443979
-1.030533 -1.369902
-1.031405 -1.295761
-1.032228 -1.221559
-1.033002 -1.147299
-1.033728 -1.072985
-1.034406 -0.998621
-1.035034 -0.924210
-1.035614 -0.849755
-1.036146 -0.775260
-1.036628 -0.700729
-1.037062 -0.626165
-1.037447 -0.551571
-1.037783 -0.476951
-1.038071 -0.402309
-1.038310 -0.327648
-1.038499 -0.252971
-1.038640 -0.178282
-1.038733 -0.103585
-1.038776 -0.028883
-1.038770 0.045820
-1.038716 0.120522
-1.038613 0.195217
-1.038461 0.269904
-1.038260 0.344578
-1.038010 0.419236
-1.037711 0.493874
-1.037364 0.568489
-1.036968 0.643077
-1.036523 0.717635
-1.036029 0.792159
-1.035487 0.866647
-1.034896 0.941093
-1.034256 1.015495
-1.033568 1.089850
-1.032831 1.164153
-1.032046 1.238402
-1.031211 1.312592
-1.030329 1.386721
-1.029398 1.460785
-1.028418 1.534780
-1.027391 1.608703
-1.026315 1.682550
-1.025190 1.756318
-1.024018 1.830004
-1.022797 1.903604
-1.021528 1.977114
-1.020211 2.050531
-1.018847 2.123852
-1.017434 2.197074
-1.015973 2.270191
-1.014465 2.343203
-1.012909 2.416104
-1.011305 2.488891
-1.009654 2.561561
-1.007955 2.634112
-1.006209 2.706538
-1.004416 2.778837
-1.002575 2.851005
-1.000687 2.923040
-0.998752 2.994937
-0.996770 3.066693
-0.994741 3.138305
-0.992666 3.209769
-0.990544 3.281083
-0.988375 3.352242
-0.986160 3.423244
-0.983898 3.494085
-0.981590 3.564761
-0.979236 3.635270
-0.976836 3.705608
-0.974390 3.775772
-0.971898 3.845759
-0.969360 3.915564
-0.966777 3.985186
-0.964149 4.054620
-0.961475 4.123864
-0.958756 4.192913
-0.955991 4.261766
-0.953182 4.330418
-0.950328 4.398866
-0.947429 4.467108
-0.944486 4.535140
-0.941498 4.602959
-0.938466 4.670561
-0.935390 4.737943
-0.932270 4.805103
-0.929106 4.872037
-0.925898 4.938742
-0.922647 5.005214
-0.919353 5.071452
-0.916015 5.137451
-0.912634 5.203208
-0.909210 5.268721
-0.905743 5.333985
-0.902234 5.399000
-0.898683 5.463760
-0.895089 5.528263
-0.891453 5.592507
-0.887775 5.656488
-0.884055 5.720202
-0.880294 5.783648
-0.876491 5.846822
-0.872648 5.909721
-0.868763 5.972342
-0.864837 6.034682
-0.860871 6.096738
-0.856864 6.158508
-0.852817 6.219988
-0.848729 6.281176
-0.844602 6.342068
-0.840435 6.402663
-0.836229 6.462956
-0.831983 6.522945
-0.827698 6.582628
-0.823374 6.642001
-0.819012 6.701062
-0.814611 6.759808
-0.810171 6.818236
-0.805694 6.876343
-0.801178 6.934127
-0.796625 6.991585
-0.792035 7.048714
-0.787407 7.105512
-0.782742 7.161976
-0.778041 7.218103
-0.773303 7.273890
-0.768528 7.329336
-0.763717 7.384437
-0.758871 7.439190
-0.753988 7.493594
-0.749071 7.547646
-0.744118 7.601343
-0.739130 7.654682
-0.734107 7.707661
-0.729050 7.760278
-0.723958 7.812530
-0.718832 7.864415
-0.713673 7.915930
-0.708480 7.967073
-0.703254 8.017841
-0.697994 8.068232
-0.692702 8.118243
-0.687377 8.167873
-0.682020 8.217119
-0.676631 8.265979
-0.671210 8.314450
-0.665757 8.362530
-0.660274 8.410216
-0.654759 8.457508
-0.649213 8.504401
-0.643637 8.550895
-0.638030 8.596987
-0.632394 8.642674
-0.626727 8.687955
-0.621031 8.732827
-0.615307 8.777289
-0.609553 8.821338
-0.603770 8.864973
-0.597959 8.908190
-0.592120 8.950989
-0.586253 8.993366
-0.580358 9.035321
-0.574437 9.076851
-0.568488 9.117954
-0.562512 9.158629
-0.556510 9.198872
-0.550482 9.238684
-0.544428 9.278060
-0.538348 9.317001
-0.532243 9.355503
-0.526113 9.393566
-0.519958 9.431187
-0.513779 9.468364
-0.507576 9.505096
-0.501348 9.541381
-0.495098 9.577218
-0.488823 9.612604
-0.482526 9.647538
-0.476206 9.682018
-0.469864 9.716043
-0.463500 9.749612
-0.457114 9.782722
-0.450706 9.815372
-0.444277 9.847560
-0.437827 9.879285
-0.431357 9.910546
-0.424867 9.941341
-0.418356 9.971668
-0.411826 10.001526
-0.405276 10.030914
-0.398707 10.059830
-0.392120 10.088274
-0.385514 10.116243
-0.378890 10.143736
-0.372248 10.170752
-0.365589 10.197290
-0.358912 10.223348
-0.352219 10.248926
-0.345509 10.274022
-0.338782 10.298635
-0.332040 10.322763
-0.325282 10.346406
-0.318509 10.369562
-0.311721 10.392231
-0.304918 10.414411
-0.298101 10.436102
-0.291270 10.457301
-0.284425 10.478009
-0.277567 10.498225
-0.270696 10.517946
-0.263812 10.537173
-0.256915 10.555905
-0.250007 10.574140
-0.243086 10.591878
-0.236155 10.609117
-0.229212 10.625858
-0.222258 10.642100
-0.215294 10.657840
-0.208320 10.673080
-0.201336 10.687818
-0.194342 10.702053
-0.187340 10.715785
-0.180328 10.729013
-0.173309 10.741736
-0.166280 10.753955
-0.159245 10.765667
-0.152201 10.776874
-0.145151 10.787573
-0.138093 10.797766
-0.131029 10.807450
-0.123959 10.816627
-0.116883 10.825295
-0.109802 10.833453
-0.102716 10.841102
-0.095624 10.848242
-0.088528 10.854871
-0.081428 10.860990
-0.074324 10.866598
-0.067217 10.871695
-0.060106 10.876281
-0.052993 10.880356
-0.045877 10.883919
-0.038759 10.886970
-0.031639 10.889509
-0.024518 10.891535
-0.017395 10.893050
-0.010272 10.894053
-0.003148 10.894543
0.003976 10.894521
0.011100 10.893987
0.018223 10.892940
0.025345 10.891381
0.032467 10.889310
0.039586 10.886727
0.046704 10.883632
0.053820 10.880025
0.060933 10.875906
0.068043 10.871276
0.075150 10.866135
0.082254 10.860483
0.089354 10.854320
0.096449 10.847646
0.103540 10.840463
0.110626 10.832770
0.117707 10.824567
0.124783 10.815855
0.131852 10.806635
0.138915 10.796907
0.145972 10.786670
0.153022 10.775927
0.160065 10.764677
0.167100 10.752920
0.174127 10.740658
0.181147 10.727891
0.188157 10.714619
0.195159 10.700843
0.202152 10.686565
0.209135 10.671783
0.216108 10.656500
0.223072 10.640716
0.230024 10.624431
0.236966 10.607647
0.243897 10.590364
0.250816 10.572583
0.257724 10.554304
0.264619 10.535529
0.271502 10.516259
0.278372 10.496495
0.285229 10.476236
0.292073 10.455485
0.298903 10.434243
0.305719 10.412509
0.312520 10.390286
0.319307 10.367575
0.326079 10.344376
0.332835 10.320690
0.339576 10.296519
0.346301 10.271864
0.353010 10.246726
0.359702 10.221105
0.366377 10.195005
0.373035 10.168424
0.379675 10.141366
0.386297 10.113831
0.392902 10.085820
0.399488 10.057334
0.406055 10.028376
0.412603 9.998946
0.419131 9.969046
0.425640 9.938678
0.432129 9.907841
0.438597 9.876539
0.445045 9.844772
0.451472 9.812543
0.457878 9.779852
0.464262 9.746701
0.470625 9.713091
0.476965 9.679025
0.483283 9.644504
0.489578 9.609529
0.495850 9.574102
0.502099 9.538225
0.508324 9.501899
0.514526 9.465127
0.520703 9.427909
0.526855 9.390248
0.532983 9.352146
0.539086 9.313604
0.545164 9.274623
0.551215 9.235207
0.557241 9.195356
0.563241 9.155072
0.569214 9.114359
0.575161 9.073216
0.581080 9.031647
0.586972 8.989653
0.592837 8.947236
0.598673 8.904399
0.604482 8.861143
0.610262 8.817470
0.616013 8.773382
0.621736 8.728882
0.627429 8.683971
0.633093 8.638652
0.638726 8.592927
0.644330 8.546797
0.649904 8.500266
0.655447 8.453334
0.660959 8.406006
0.666440 8.358282
0.671890 8.310164
0.677308 8.261656
0.682695 8.212760
0.688049 8.163477
0.693371 8.113811
0.698660 8.063762
0.703916 8.013335
0.709140 7.962530
0.714330 7.911352
0.719486 7.859801
0.724609 7.807880
0.729697 7.755592
0.734752 7.702940
0.739771 7.649925
0.744756 7.596550
0.749706 7.542819
0.754621 7.488732
0.759500 7.434293
0.764343 7.379505
0.769150 7.324370
0.773922 7.268890
0.778657 7.213068
0.783355 7.156907
0.788016 7.100409
0.792641 7.043578
0.797228 6.986415
0.801778 6.928924
0.806290 6.871106
0.810764 6.812966
0.815200 6.754505
0.819597 6.695727
0.823956 6.636633
0.828276 6.577228
0.832558 6.517513
0.836800 6.457491
0.841003 6.397166
0.845166 6.336540
0.849290 6.275616
0.853373 6.214397
0.857417 6.152886
0.861420 6.091085
0.865383 6.028998
0.869305 5.966627
0.873186 5.903975
0.877026 5.841046
0.880825 5.777842
0.884582 5.714367
0.888298 5.650622
0.891972 5.586612
0.895604 5.522339
0.899194 5.457807
0.902742 5.393017
0.906247 5.327974
0.909710 5.262681
0.913130 5.197140
0.916507 5.131354
0.919840 5.065327
0.923131 4.999062
0.926378 4.932562
0.929582 4.865830
0.932742 4.798868
0.935858 4.731682
0.938930 4.664272
0.941958 4.596643
0.944941 4.528798
0.947880 4.460740
0.950775 4.392473
0.953625 4.323998
0.956430 4.255320
0.959190 4.186442
0.961905 4.117368
0.964574 4.048099
0.967199 3.978640
0.969778 3.908994
0.972311 3.839164
0.974799 3.769153
0.977240 3.698966
0.979636 3.628604
0.981986 3.558071
0.984289 3.487371
0.986547 3.416507
0.988757 3.345483
0.990922 3.274301
0.993039 3.202965
0.995111 3.131478
0.997135 3.059844
0.999112 2.988066
1.001043 2.916147
1.002926 2.844092
1.004762 2.771902
1.006551 2.699582
1.008293 2.627135
1.009987 2.554565
1.011633 2.481874
1.013233 2.409067
1.014784 2.336146
1.016288 2.263115
1.017744 2.189978
1.019152 2.116738
1.020512 2.043398
1.021824 1.969962
1.023088 1.896434
1.024304 1.822816
1.025472 1.749112
1.026592 1.675326
1.027663 1.601461
1.028686 1.527521
1.029661 1.453509
1.030587 1.379429
1.031465 1.305284
1.032294 1.231077
1.033075 1.156812
1.033807 1.082493
1.034490 1.008123
1.035125 0.933705
1.035712 0.859244
1.036249 0.784742
1.036738 0.710203
1.037178 0.635630
1.037569 0.561028
1.037912 0.486399
1.038205 0.411748
1.038450 0.337076
1.038646 0.262389
1.038793 0.187690
1.038891 0.112982
1.038941 0.038268
1.038942 -0.036447
1.038893 -0.111161
1.038796 -0.185870
1.038650 -0.260570
1.038455 -0.335258
1.038212 -0.409930
1.037919 -0.484583
1.037578 -0.559213
1.037188 -0.633817
1.036749 -0.708391
1.036261 -0.782932
1.035725 -0.857436
1.035140 -0.931899
1.034506 -1.006319
1.033824 -1.080692
1.033093 -1.155014
1.032314 -1.229282
1.031485 -1.303492
1.030609 -1.377641
1.029684 -1.451725
1.028710 -1.525741
1.027688 -1.599685
1.026618 -1.673554
1.025500 -1.747344
1.024333 -1.821052
1.023118 -1.894675
1.021855 -1.968208
1.020544 -2.041649
1.019185 -2.114994
1.017778 -2.188240
1.016323 -2.261383
1.014821 -2.334419
1.013270 -2.407346
1.011673 -2.480160
1.010027 -2.552857
1.008334 -2.625434
1.006593 -2.697888
1.004806 -2.770215
1.002971 -2.842411
1.001088 -2.914474
0.999159 -2.986400
0.997183 -3.058186
0.995160 -3.129828
0.993090 -3.201323
0.990973 -3.272667
0.988810 -3.343857
0.986600 -3.414890
0.984344 -3.485763
0.982041 -3.556472
0.979692 -3.627014
0.977298 -3.697385
0.974857 -3.767582
0.972371 -3.837602
0.969838 -3.907442
0.967260 -3.977098
0.964637 -4.046567
0.961968 -4.115846
0.959254 -4.184931
0.956495 -4.253820
0.953691 -4.322508
0.950842 -4.390994
0.947949 -4.459273
0.945011 -4.527342
0.942028 -4.595198
0.939001 -4.662839
0.935930 -4.730260
0.932815 -4.797459
0.929656 -4.864432
0.926453 -4.931177
0.923207 -4.997689
0.919917 -5.063967
0.916584 -5.130007
0.913208 -5.195805
0.909789 -5.261359
0.906327 -5.326666
0.902823 -5.391722
0.899276 -5.456525
0.895687 -5.521072
0.892056 -5.585358
0.888382 -5.649382
0.884667 -5.713141
0.880911 -5.776631
0.877113 -5.839849
0.873274 -5.902793
0.869393 -5.965459
0.865472 -6.027845
0.861510 -6.089947
0.857508 -6.151763
0.853465 -6.213289
0.849382 -6.274524
0.845259 -6.335464
0.841096 -6.396105
0.836894 -6.456446
0.832653 -6.516483
0.828372 -6.576214
0.824052 -6.635636
0.819694 -6.694746
0.815297 -6.753541
0.810862 -6.812018
0.806388 -6.870175
0.801877 -6.928010
0.797328 -6.985518
0.792741 -7.042698
0.788117 -7.099547
0.783457 -7.156061
0.778759 -7.212240
0.774024 -7.268079
0.769254 -7.323577
0.764447 -7.378730
0.759604 -7.433536
0.754725 -7.487993
0.749811 -7.542098
0.744862 -7.595848
0.739877 -7.649241
0.734858 -7.702274
0.729804 -7.754945
0.724716 -7.807252
0.719594 -7.859191
0.714438 -7.910761
0.709248 -7.961959
0.704025 -8.012782
0.698769 -8.063229
0.693480 -8.113296
0.688159 -8.162982
0.682805 -8.212285
0.677419 -8.261201
0.672001 -8.309728
0.666551 -8.357865
0.661071 -8.405609
0.655559 -8.452958
0.650016 -8.499909
0.644442 -8.546461
0.638839 -8.592610
0.633205 -8.638356
0.627542 -8.683695
0.621849 -8.728626
0.616126 -8.773147
0.610375 -8.817255
0.604595 -8.860949
0.598787 -8.904226
0.592950 -8.947084
0.587086 -8.989522
0.581194 -9.031536
0.575275 -9.073126
0.569328 -9.114290
0.563355 -9.155025
0.557355 -9.195329
0.551329 -9.235201
0.545278 -9.274639
0.539200 -9.313641
0.533097 -9.352205
0.526969 -9.390329
0.520817 -9.428011
0.514639 -9.465250
0.508438 -9.502044
0.502213 -9.538391
0.495964 -9.574290
0.489691 -9.609738
0.483396 -9.644735
0.477078 -9.679278
0.470738 -9.713366
0.464375 -9.746997
0.457991 -9.780170
0.451585 -9.812883
0.445157 -9.845135
0.438709 -9.876923
0.432240 -9.908248
0.425751 -9.939106
0.419242 -9.969497
0.412713 -9.999419
0.406165 -10.028871
0.399598 -10.057851
0.393011 -10.086358
0.386407 -10.114391
0.379784 -10.141949
0.373143 -10.169029
0.366485 -10.195632
0.359809 -10.221755
0.353117 -10.247397
0.346408 -10.272557
0.339682 -10.297235
0.332941 -10.321428
0.326184 -10.345136
0.319412 -10.368357
0.312625 -10.391091
0.305822 -10.413336
0.299006 -10.435091
0.292175 -10.456356
0.285331 -10.477129
0.278474 -10.497410
0.271603 -10.517197
0.264719 -10.536489
0.257823 -10.555286
0.250915 -10.573586
0.243995 -10.591389
0.237064 -10.608694
0.230121 -10.625501
0.223168 -10.641807
0.216204 -10.657614
0.209230 -10.672919
0.202246 -10.687722
0.195253 -10.702022
0.188250 -10.715820
0.181238 -10.729113
0.174218 -10.741902
0.167190 -10.754186
0.160154 -10.765964
0.153111 -10.777236
0.146060 -10.788001
0.139002 -10.798259
0.131938 -10.808009
0.124867 -10.817250
0.117791 -10.825983
0.110709 -10.834207
0.103622 -10.841922
0.096530 -10.849126
0.089434 -10.855821
0.082333 -10.862005
0.075229 -10.867678
0.068120 -10.872840
0.061009 -10.877491
0.053895 -10.881630
0.046778 -10.885258
0.039659 -10.888374
0.032538 -10.890977
0.025416 -10.893069
0.018293 -10.894648
0.011168 -10.895715
0.004043 -10.896270
-0.003082 -10.896312
-0.010207 -10.895842
-0.017331 -10.894860
-0.024455 -10.893365
-0.031578 -10.891358
-0.038699 -10.888838
-0.045818 -10.885807
-0.052935 -10.882264
-0.060050 -10.878209
-0.067162 -10.873642
-0.074270 -10.868564
-0.081375 -10.862975
-0.088477 -10.856876
-0.095574 -10.850265
-0.102667 -10.843145
-0.109755 -10.835514
-0.116837 -10.827374
-0.123915 -10.818725
-0.130986 -10.809567
-0.138051 -10.799901
-0.145110 -10.789726
-0.152162 -10.779045
-0.159207 -10.767856
-0.166244 -10.756162
-0.173274 -10.743961
-0.180295 -10.731255
-0.187308 -10.718045
-0.194312 -10.704330
-0.201307 -10.690112
-0.208292 -10.675391
-0.215268 -10.660169
-0.222234 -10.644445
-0.229189 -10.628220
-0.236133 -10.611496
-0.243067 -10.594273
-0.249988 -10.576551
-0.256899 -10.558332
-0.263797 -10.539617
-0.270682 -10.520405
-0.277555 -10.500700
-0.284415 -10.480500
-0.291261 -10.459807
-0.298094 -10.438623
-0.304913 -10.416948
-0.311717 -10.394783
-0.318507 -10.372129
-0.325282 -10.348987
-0.332042 -10.325358
-0.338785 -10.301244
-0.345513 -10.276646
-0.352225 -10.251564
-0.358920 -10.226000
-0.365599 -10.199956
-0.372260 -10.173431
-0.378903 -10.146429
-0.385529 -10.118949
-0.392137 -10.090993
-0.398726 -10.062562
-0.405297 -10.033659
-0.411848 -10.004283
-0.418380 -9.974437
-0.424893 -9.944122
-0.431385 -9.913340
-0.437857 -9.882091
-0.444309 -9.850377
-0.450740 -9.818201
-0.457149 -9.785562
-0.463537 -9.752463
-0.469903 -9.718906
-0.476247 -9.684892
-0.482569 -9.650422
-0.488868 -9.615498
-0.495144 -9.580122
-0.501397 -9.544296
-0.507626 -9.508021
-0.513831 -9.471298
-0.520013 -9.434131
-0.526169 -9.396519
-0.532301 -9.358466
-0.538408 -9.319972
-0.544490 -9.281040
-0.550546 -9.241672
-0.556576 -9.201869
-0.562580 -9.161634
-0.568558 -9.120967
-0.574508 -9.079872
-0.580432 -9.038349
-0.586329 -8.996402
-0.592198 -8.954031
-0.598039 -8.911240
-0.603852 -8.868029
-0.609636 -8.824401
-0.615392 -8.780358
-0.621119 -8.735903
-0.626817 -8.691036
-0.632485 -8.645761
-0.638124 -8.600079
-0.643732 -8.553993
-0.649311 -8.507504
-0.654859 -8.460615
-0.660375 -8.413329
-0.665861 -8.365646
-0.671316 -8.317571
-0.676739 -8.269104
-0.682130 -8.220248
-0.687489 -8.171006
-0.692816 -8.121379
-0.698111 -8.071371
-0.703372 -8.020982
-0.708600 -7.970217
-0.713795 -7.919077
-0.718957 -7.867564
-0.724085 -7.815681
-0.729178 -7.763431
-0.734238 -7.710816
-0.739262 -7.657838
-0.744252 -7.604500
-0.749207 -7.550804
-0.754127 -7.496753
-0.759012 -7.442350
-0.763860 -7.387596
-0.768673 -7.332495
-0.773450 -7.277049
-0.778190 -7.221261
-0.782894 -7.165134
-0.787561 -7.108669
-0.792190 -7.051870
-0.796783 -6.994740
-0.801338 -6.937280
-0.805855 -6.879494
-0.810335 -6.821385
-0.814776 -6.762955
-0.819180 -6.704206
-0.823544 -6.645143
-0.827870 -6.585767
-0.832157 -6.526081
-0.836405 -6.466088
-0.840613 -6.405791
-0.844782 -6.345193
-0.848911 -6.284297
-0.853001 -6.223104
-0.857050 -6.161620
-0.861059 -6.099845
-0.865027 -6.037784
-0.868955 -5.975438
-0.872842 -5.912812
-0.876688 -5.849907
-0.880492 -5.786727
-0.884256 -5.723275
-0.887977 -5.659554
-0.891657 -5.595567
-0.895295 -5.531316
-0.898891 -5.466806
-0.902445 -5.402038
-0.905956 -5.337016
-0.909424 -5.271743
-0.912850 -5.206223
-0.916233 -5.140457
-0.919573 -5.074450
-0.922869 -5.008203
-0.926122 -4.941722
-0.929332 -4.875008
-0.932498 -4.808064
-0.935620 -4.740895
-0.938698 -4.673502
-0.941732 -4.605890
-0.944722 -4.538061
-0.947667 -4.470019
-0.950567 -4.401766
-0.953423 -4.333306
-0.956235 -4.264643
-0.959001 -4.195779
-0.961722 -4.126717
-0.964398 -4.057461
-0.967028 -3.988015
-0.969613 -3.918381
-0.972153 -3.848563
-0.974646 -3.778563
-0.977094 -3.708386
-0.979496 -3.638035
-0.981852 -3.567512
-0.984162 -3.496821
-0.986425 -3.425966
-0.988642 -3.354950
-0.990813 -3.283776
-0.992937 -3.212448
-0.995014 -3.140968
-0.997044 -3.069341
-0.999028 -2.997569
-1.000965 -2.925657
-1.002854 -2.853606
-1.004696 -2.781422
-1.006492 -2.709106
-1.008239 -2.636664
-1.009940 -2.564097
-1.011593 -2.491409
-1.013198 -2.418604
-1.014756 -2.345686
-1.016266 -2.272657
-1.017728 -2.199521
-1.019142 -2.126282
-1.020509 -2.052943
-1.021827 -1.979507
-1.023097 -1.905978
-1.024320 -1.832359
-1.025494 -1.758654
-1.026620 -1.684866
-1.027697 -1.610999
-1.028727 -1.537057
-1.029707 -1.463041
-1.030640 -1.388957
-1.031524 -1.314808
-1.032359 -1.240597
-1.033146 -1.166327
-1.033885 -1.092003
-1.034574 -1.017627
-1.035216 -0.943203
-1.035808 -0.868735
-1.036352 -0.794226
-1.036847 -0.719679
-1.037293 -0.645099
-1.037690 -0.570488
-1.038039 -0.495850
-1.038339 -0.421189
-1.038590 -0.346508
-1.038792 -0.271811
-1.038945 -0.197101
-1.039050 -0.122381
-1.039105 -0.047656
-1.039112 0.027072
-1.039070 0.101798
-1.038979 0.176519
-1.038839 0.251233
-1.038650 0.325934
-1.038413 0.400621
-1.038126 0.475288
-1.037791 0.549933
-1.037407 0.624553
-1.036974 0.699143
-1.036493 0.773700
-1.035963 0.848221
-1.035384 0.922702
-1.034756 0.997140
-1.034079 1.071531
-1.033355 1.145871
-1.032581 1.220158
-1.031759 1.294388
-1.030888 1.368556
-1.029969 1.442661
-1.029001 1.516697
-1.027985 1.590662
-1.026921 1.664553
-1.025809 1.738365
-1.024648 1.812096
-1.023439 1.885741
-1.022182 1.959298
-1.020876 2.032763
-1.019523 2.106132
-1.018122 2.179402
-1.016673 2.252570
-1.015176 2.325632
-1.013632 2.398584
-1.012039 2.471424
-1.010399 2.544148
-1.008712 2.616752
-1.006977 2.689233
-1.005195 2.761587
-1.003366 2.833812
-1.001489 2.905904
-0.999565 2.977859
-0.997595 3.049674
-0.995577 3.121346
-0.993513 3.192871
-0.991401 3.264246
-0.989244 3.335467
-0.987039 3.406532
-0.984789 3.477436
-0.982491 3.548177
-0.980148 3.618751
-0.977759 3.689155
-0.975324 3.759386
-0.972842 3.829440
-0.970315 3.899314
-0.967743 3.969004
-0.965125 4.038508
-0.962461 4.107822
-0.959753 4.176943
-0.956999 4.245868
-0.954200 4.314593
-0.951356 4.383115
-0.948468 4.451431
-0.945535 4.519538
-0.942557 4.587432
-0.939535 4.655111
-0.936469 4.722571
-0.933359 4.789808
-0.930205 4.856821
-0.927007 4.923605
-0.923766 4.990158
-0.920481 5.056476
-0.917153 5.122556
-0.913782 5.188396
-0.910368 5.253992
-0.906911 5.319340
-0.903411 5.384439
-0.899869 5.449284
-0.896285 5.513873
-0.892658 5.578203
-0.888990 5.642270
-0.885279 5.706073
-0.881527 5.769607
-0.877734 5.832870
-0.873899 5.895858
-0.870023 5.958569
-0.866106 6.021001
-0.862149 6.083149
-0.858151 6.145011
-0.854113 6.206584
-0.850034 6.267865
-0.845915 6.328852
-0.841757 6.389541
-0.837559 6.449929
-0.833322 6.510015
-0.829046 6.569794
-0.824730 6.629264
-0.820376 6.688423
-0.815983 6.747267
-0.811552 6.805794
-0.807082 6.864001
-0.802575 6.921885
-0.798030 6.979444
-0.793447 7.036674
-0.788827 7.093574
-0.784170 7.150140
-0.779477 7.206370
-0.774746 7.262261
-0.769979 7.317811
-0.765176 7.373016
-0.760337 7.427875
-0.755462 7.482385
-0.750551 7.536542
-0.745605 7.590346
-0.740625 7.643792
-0.735609 7.696879
-0.730559 7.749605
-0.725474 7.801965
-0.720355 7.853959
-0.715203 7.905584
-0.710016 7.956837
-0.704797 8.007716
-0.699544 8.058218
-0.694258 8.108342
-0.688940 8.158084
-0.683589 8.207442
-0.678206 8.256415
-0.672792 8.304999
-0.667345 8.353193
-0.661867 8.400994
-0.656358 8.448400
-0.650819 8.495409
-0.645248 8.542018
-0.639647 8.588226
-0.634016 8.634030
-0.628356 8.679428
-0.622666 8.724418
-0.616946 8.768997
-0.611198 8.813164
-0.605420 8.856917
-0.599615 8.900253
-0.593781 8.943171
-0.587919 8.985669
-0.582029 9.027743
-0.576112 9.069394
-0.570168 9.110617
-0.564197 9.151413
-0.558200 9.191778
-0.552177 9.231711
-0.546127 9.271210
-0.540052 9.310273
-0.533951 9.348898
-0.527825 9.387083
-0.521675 9.424827
-0.515500 9.462128
-0.509300 9.498984
-0.503077 9.535393
-0.496830 9.571354
-0.490559 9.606865
-0.484266 9.641924
-0.477950 9.676530
-0.471611 9.710680
-0.465250 9.744375
-0.458867 9.777610
-0.452463 9.810386
-0.446038 9.842701
-0.439591 9.874553
-0.433124 9.905941
-0.426636 9.936863
-0.420128 9.967317
-0.413601 9.997303
-0.407054 10.026819
-0.400488 10.055863
-0.393903 10.084435
-0.387299 10.112532
-0.380678 10.140154
-0.374038 10.167298
-0.367381 10.193965
-0.360707 10.220153
-0.354015 10.245859
-0.347307 10.271085
-0.340583 10.295827
-0.333842 10.320085
-0.327086 10.343857
-0.320315 10.367143
-0.313528 10.389942
-0.306727 10.412252
-0.299911 10.434073
-0.293081 10.455403
-0.286238 10.476241
-0.279380 10.496587
-0.272510 10.516439
-0.265627 10.535796
-0.258731 10.554658
-0.251824 10.573024
-0.244904 10.590893
-0.237973 10.608263
-0.231031 10.625135
-0.224078 10.641507
-0.217114 10.657379
-0.210140 10.672749
-0.203156 10.687618
-0.196163 10.701984
-0.189160 10.715847
-0.182149 10.729205
-0.175129 10.742060
-0.168100 10.754409
-0.161064 10.766253
-0.154020 10.777590
-0.146969 10.788420
-0.139911 10.798743
-0.132847 10.808559
-0.125776 10.817866
-0.118699 10.826664
-0.111617 10.834953
-0.104529 10.842733
-0.097437 10.850003
-0.090340 10.856762
-0.083238 10.863012
-0.076133 10.868750
-0.069024 10.873977
-0.061912 10.878693
-0.054797 10.882897
-0.047679 10.886589
-0.040560 10.889770
-0.033438 10.892438
-0.026315 10.894595
-0.019190 10.896239
-0.012065 10.897370
-0.004939 10.897989
0.002188 10.898096
0.009314 10.897690
0.016440 10.896772
0.023565 10.895341
0.030689 10.893398
0.037811 10.890942
0.044932 10.887975
0.052050 10.884495
0.059166 10.880504
0.066280 10.876001
0.073390 10.870986
0.080497 10.865461
0.087600 10.859424
0.094699 10.852877
0.101793 10.845819
0.108883 10.838251
0.115967 10.830174
0.123046 10.821587
0.130120 10.812491
0.137187 10.802887
0.144248 10.792775
0.151302 10.782156
0.158348 10.771029
0.165388 10.759396
0.172419 10.747257
0.179443 10.734612
0.186458 10.721463
0.193464 10.707809
0.200462 10.693652
0.207450 10.678992
0.214428 10.663830
0.221396 10.648167
0.228353 10.632002
0.235300 10.615338
0.242236 10.598175
0.249160 10.580513
0.256073 10.562353
0.262974 10.543697
0.269862 10.524545
0.276738 10.504898
0.283600 10.484757
0.290450 10.464123
0.297285 10.442997
0.304107 10.421380
0.310914 10.399272
0.317707 10.376676
0.324485 10.353592
0.331247 10.330020
0.337994 10.305964
0.344725 10.281422
0.351440 10.256397
0.358139 10.230889
0.364820 10.204901
0.371485 10.178432
0.378131 10.151485
0.384761 10.124060
0.391372 10.096160
0.397964 10.067784
0.404538 10.038935
0.411093 10.009614
0.417629 9.979823
0.424145 9.949562
0.430641 9.918833
0.437116 9.887637
0.443572 9.855977
0.450006 9.823853
0.456419 9.791267
0.462811 9.758221
0.469181 9.724715
0.475529 9.690753
0.481854 9.656335
0.488157 9.621462
0.494437 9.586137
0.500694 9.550361
0.506927 9.514137
0.513137 9.477464
0.519322 9.440346
0.525483 9.402784
0.531619 9.364780
0.537730 9.326336
0.543816 9.287453
0.549876 9.248133
0.555910 9.208378
0.561919 9.168190
0.567900 9.127571
0.573856 9.086523
0.579784 9.045047
0.585685 9.003146
0.591558 8.960822
0.597404 8.918076
0.603221 8.874911
0.609010 8.831328
0.614771 8.787330
0.620502 8.742919
0.626204 8.698097
0.631877 8.652865
0.637521 8.607227
0.643134 8.561184
0.648717 8.514738
0.654269 8.467892
0.659791 8.420648
0.665282 8.373007
0.670741 8.324973
0.676169 8.276547
0.681565 8.227732
0.686929 8.178530
0.692261 8.128944
0.697560 8.078975
0.702827 8.028626
0.708060 7.977900
0.713260 7.926798
0.718427 7.875324
0.723560 7.823479
0.728658 7.771267
0.733723 7.718688
0.738753 7.665747
0.743748 7.612446
0.748708 7.558786
0.753633 7.504771
0.758523 7.450403
0.763377 7.395684
0.768195 7.340618
0.772977 7.285206
0.777723 7.229452
0.782432 7.173358
0.787104 7.116926
0.791739 7.060160
0.796337 7.003062
0.800898 6.945634
0.805420 6.887880
0.809906 6.829801
0.814352 6.771402
0.818761 6.712684
0.823131 6.653650
0.827463 6.594304
0.831755 6.534647
0.836009 6.474683
0.840223 6.414414
0.844397 6.353844
0.848532 6.292975
0.852627 6.231810
0.856682 6.170352
0.860697 6.108603
0.864671 6.046568
0.868605 5.984248
0.872497 5.921646
0.876349 5.858766
0.880159 5.795611
0.883928 5.732182
0.887656 5.668485
0.891341 5.604520
0.894985 5.540292
0.898587 5.475804
0.902147 5.411058
0.905664 5.346057
0.909138 5.280805
0.912570 5.215305
0.915959 5.149559
0.919304 5.083571
0.922607 5.017344
0.925866 4.950881
0.929082 4.884185
0.932254 4.817260
0.935382 4.750107
0.938466 4.682732
0.941506 4.615136
0.944501 4.547323
0.947453 4.479296
0.950359 4.411059
0.953221 4.342614
0.956039 4.273965
0.958811 4.205114
0.961538 4.136066
0.964220 4.066824
0.966857 3.997390
0.969448 3.927768
0.971993 3.857961
0.974493 3.787973
0.976947 3.717807
0.979355 3.647466
0.981717 3.576953
0.984033 3.506272
0.986303 3.435426
0.988526 3.364418
0.990703 3.293253
0.992833 3.221932
0.994916 3.150460
0.996953 3.078839
0.998943 3.007074
1.000886 2.935167
1.002781 2.863122
1.004630 2.790943
1.006431 2.718632
1.008185 2.646193
1.009892 2.573630
1.011551 2.500945
1.013163 2.428143
1.014727 2.355227
1.016243 2.282200
1.017711 2.209066
1.019132 2.135828
1.020505 2.062489
1.021829 1.989053
1.023106 1.915523
1.024334 1.841904
1.025515 1.768198
1.026647 1.694408
1.027731 1.620539
1.028766 1.546594
1.029753 1.472575
1.030692 1.398488
1.031582 1.324335
1.032424 1.250119
1.033217 1.175845
1.033962 1.101515
1.034658 1.027133
1.035305 0.952703
1.035904 0.878228
1.036454 0.803712
1.036955 0.729158
1.037407 0.654569
1.037811 0.579950
1.038166 0.505304
1.038472 0.430633
1.038729 0.355942
1.038937 0.281235
1.039097 0.206514
1.039207 0.131784
1.039269 0.057047
1.039282 -0.017693
1.039246 -0.092431
1.039161 -0.167166
1.039027 -0.241892
1.038845 -0.316608
1.038613 -0.391308
1.038333 -0.465990
1.038004 -0.540651
1.037626 -0.615286
1.037199 -0.689892
1.036723 -0.764465
1.036199 -0.839003
1.035626 -0.913501
1.035005 -0.987957
1.034334 -1.062366
1.033615 -1.136725
1.032848 -1.211031
1.032031 -1.285279
1.031167 -1.359468
1.030254 -1.433592
1.029292 -1.507650
1.028282 -1.581636
1.027223 -1.655548
1.026117 -1.729382
1.024962 -1.803135
1.023759 -1.876803
1.022507 -1.950383
1.021208 -2.023872
1.019860 -2.097265
1.018465 -2.170559
1.017022 -2.243752
1.015531 -2.316839
1.013992 -2.389818
1.012405 -2.462683
1.010771 -2.535434
1.009090 -2.608065
1.007360 -2.680573
1.005584 -2.752955
1.003760 -2.825208
1.001889 -2.897329
0.999971 -2.969313
0.998006 -3.041157
0.995994 -3.112859
0.993935 -3.184414
0.991829 -3.255819
0.989677 -3.327071
0.987478 -3.398167
0.985233 -3.469104
0.982941 -3.539877
0.980603 -3.610484
0.978219 -3.680921
0.975789 -3.751184
0.973314 -3.821272
0.970792 -3.891180
0.968225 -3.960905
0.965612 -4.030444
0.962954 -4.099793
0.960250 -4.168950
0.957502 -4.237910
0.954708 -4.306672
0.951869 -4.375230
0.948986 -4.443584
0.946058 -4.511728
0.943086 -4.579660
0.940069 -4.647377
0.937008 -4.714875
0.933903 -4.782152
0.930754 -4.849204
0.927561 -4.916028
0.924325 -4.982620
0.921045 -5.048979
0.917722 -5.115100
0.914355 -5.180980
0.910946 -5.246617
0.907494 -5.312008
0.903999 -5.377148
0.900462 -5.442036
0.896882 -5.506668
0.893260 -5.571041
0.889596 -5.635152
0.885890 -5.698998
0.882143 -5.762576
0.878354 -5.825883
0.874524 -5.888917
0.870653 -5.951673
0.866740 -6.014150
0.862787 -6.076343
0.858794 -6.138252
0.854760 -6.199871
0.850686 -6.261199
0.846571 -6.322233
0.842418 -6.382969
0.838224 -6.443405
0.833991 -6.503539
0.829719 -6.563366
0.825407 -6.622885
0.821057 -6.682092
0.816669 -6.740986
0.812241 -6.799562
0.807776 -6.857819
0.803273 -6.915753
0.798732 -6.973362
0.794153 -7.030643
0.789537 -7.087594
0.784884 -7.144211
0.780194 -7.200492
0.775467 -7.256435
0.770704 -7.312037
0.765905 -7.367294
0.761069 -7.422206
0.756198 -7.476768
0.751291 -7.530979
0.746349 -7.584836
0.741372 -7.638336
0.736360 -7.691477
0.731313 -7.744256
0.726232 -7.796671
0.721116 -7.848720
0.715967 -7.900400
0.710784 -7.951708
0.705568 -8.002642
0.700318 -8.053200
0.695036 -8.103379
0.689721 -8.153177
0.684373 -8.202592
0.678994 -8.251621
0.673582 -8.300262
0.668139 -8.348513
0.662664 -8.396371
0.657158 -8.443834
0.651621 -8.490901
0.646054 -8.537568
0.640456 -8.583834
0.634828 -8.629696
0.629170 -8.675152
0.623482 -8.720201
0.617766 -8.764839
0.612020 -8.809065
0.606245 -8.852877
0.600442 -8.896273
0.594611 -8.939250
0.588751 -8.981807
0.582864 -9.023942
0.576950 -9.065653
0.571008 -9.106937
0.565040 -9.147793
0.559045 -9.188218
0.553024 -9.228212
0.546976 -9.267772
0.540903 -9.306896
0.534805 -9.345582
0.528681 -9.383829
0.522533 -9.421635
0.516360 -9.458998
0.510162 -9.495915
0.503941 -9.532387
0.497696 -9.568410
0.491427 -9.603983
0.485136 -9.639105
0.478821 -9.673773
0.472484 -9.707986
0.466125 -9.741743
0.459744 -9.775042
0.453342 -9.807881
0.446918 -9.840259
0.440473 -9.872175
0.434007 -9.903626
0.427521 -9.934611
0.421014 -9.965130
0.414488 -9.995179
0.407943 -10.024759
0.401378 -10.053867
0.394794 -10.082503
0.388192 -10.110664
0.381572 -10.138350
0.374933 -10.165559
0.368277 -10.192290
0.361604 -10.218542
0.354914 -10.244314
0.348206 -10.269603
0.341483 -10.294410
0.334743 -10.318733
0.327988 -10.342570
0.321218 -10.365921
0.314432 -10.388785
0.307631 -10.411160
0.300816 -10.433046
0.293987 -10.454441
0.287144 -10.475344
0.280287 -10.495755
0.273418 -10.515672
0.266535 -10.535095
0.259640 -10.554023
0.252732 -10.572454
0.245813 -10.590388
0.238882 -10.607823
0.231940 -10.624761
0.224987 -10.641198
0.218024 -10.657135
0.211050 -10.672571
0.204066 -10.687505
0.197073 -10.701937
0.190070 -10.715865
0.183059 -10.729289
0.176039 -10.742209
0.169010 -10.754624
0.161974 -10.766533
0.154930 -10.777936
0.147879 -10.788831
0.140820 -10.799220
0.133755 -10.809101
0.126684 -10.818473
0.119607 -10.827337
0.112524 -10.835691
0.105436 -10.843536
0.098343 -10.850871
0.091246 -10.857696
0.084144 -10.864010
0.077038 -10.869814
0.069928 -10.875106
0.062815 -10.879887
0.055699 -10.884156
0.048581 -10.887913
0.041460 -10.891158
0.034338 -10.893892
0.027213 -10.896113
0.020088 -10.897821
0.012961 -10.899017
0.005834 -10.899701
-0.001293 -10.899872
-0.008421 -10.899530
-0.015548 -10.898676
-0.022674 -10.897309
-0.029799 -10.895430
-0.036923 -10.893039
-0.044045 -10.890135
-0.051165 -10.886719
-0.058282 -10.882791
-0.065397 -10.878352
-0.072509 -10.873401
-0.079617 -10.867938
-0.086722 -10.861965
-0.093823 -10.855480
-0.100919 -10.848486
-0.108010 -10.840981
-0.115097 -10.832966
-0.122178 -10.824442
-0.129253 -10.815409
-0.136322 -10.805867
-0.143385 -10.795817
-0.150441 -10.785259
-0.157490 -10.774195
-0.164531 -10.762623
-0.171565 -10.750545
-0.178591 -10.737962
-0.185608 -10.724874
-0.192616 -10.711282
-0.199616 -10.697186
-0.206606 -10.682586
-0.213587 -10.667485
-0.220557 -10.651882
-0.227517 -10.635778
-0.234466 -10.619173
-0.241405 -10.602070
-0.248332 -10.584467
-0.255247 -10.566367
-0.262150 -10.547770
-0.269041 -10.528678
-0.275920 -10.509090
-0.282785 -10.489007
-0.289637 -10.468432
-0.296476 -10.447364
-0.303300 -10.425805
-0.310110 -10.403756
-0.316906 -10.381217
-0.323687 -10.358190
-0.330453 -10.334676
-0.337203 -10.310676
-0.343937 -10.286191
-0.350655 -10.261223
-0.357356 -10.235772
-0.364041 -10.209839
-0.370709 -10.183427
-0.377359 -10.156535
-0.383991 -10.129166
-0.390606 -10.101321
-0.397202 -10.073000
-0.403779 -10.044206
-0.410338 -10.014939
-0.416877 -9.985202
-0.423396 -9.954995
-0.429896 -9.924320
-0.436375 -9.893178
-0.442834 -9.861570
-0.449272 -9.829499
-0.455689 -9.796966
-0.462084 -9.763972
-0.468458 -9.730519
-0.474810 -9.696608
-0.481139 -9.662242
-0.487446 -9.627421
-0.493730 -9.592147
-0.499991 -9.556422
-0.506228 -9.520247
-0.512441 -9.483625
-0.518630 -9.446557
-0.524795 -9.409045
-0.530936 -9.371090
-0.537051 -9.332694
-0.543141 -9.293860
-0.549205 -9.254588
-0.555244 -9.214882
-0.561256 -9.174741
-0.567243 -9.134170
-0.573202 -9.093169
-0.579135 -9.051740
-0.585040 -9.009886
-0.590918 -8.967607
-0.596768 -8.924907
-0.602590 -8.881788
-0.608383 -8.838251
-0.614148 -8.794298
-0.619884 -8.749931
-0.625591 -8.705153
-0.631269 -8.659965
-0.636917 -8.614371
-0.642535 -8.568371
-0.648122 -8.521968
-0.653680 -8.475165
-0.659206 -8.427962
-0.664702 -8.380364
-0.670166 -8.332371
-0.675599 -8.283987
-0.681000 -8.235213
-0.686369 -8.186051
-0.691705 -8.136505
-0.697009 -8.086576
-0.702281 -8.036266
-0.707519 -7.985579
-0.712724 -7.934516
-0.717896 -7.883080
-0.723034 -7.831274
-0.728138 -7.779099
-0.733207 -7.726558
-0.738242 -7.673654
-0.743243 -7.620388
-0.748208 -7.566765
-0.753139 -7.512785
-0.758033 -7.458453
-0.762893 -7.403769
-0.767716 -7.348738
-0.772503 -7.293360
-0.777254 -7.237640
-0.781969 -7.181579
-0.786646 -7.125181
-0.791287 -7.068447
-0.795890 -7.011381
-0.800456 -6.953985
-0.804985 -6.896263
-0.809475 -6.838215
-0.813928 -6.779847
-0.818342 -6.721159
-0.822718 -6.662155
-0.827055 -6.602838
-0.831353 -6.543211
-0.835612 -6.483275
-0.839832 -6.423035
-0.844012 -6.362493
-0.848152 -6.301651
-0.852253 -6.240513
-0.856314 -6.179082
-0.860334 -6.117360
-0.864314 -6.055350
-0.868253 -5.993055
-0.872152 -5.930479
-0.876009 -5.867624
-0.879825 -5.804492
-0.883600 -5.741088
-0.887333 -5.677414
-0.891025 -5.613472
-0.894675 -5.549267
-0.898282 -5.484800
-0.901848 -5.420076
-0.905371 -5.355097
-0.908851 -5.289866
-0.912289 -5.224386
-0.915683 -5.158660
-0.919035 -5.092692
-0.922344 -5.026484
-0.925609 -4.960039
-0.928830 -4.893362
-0.932008 -4.826454
-0.935142 -4.759319
-0.938232 -4.691961
-0.941278 -4.624382
-0.944280 -4.556585
-0.947238 -4.488574
-0.950150 -4.420351
-0.953018 -4.351921
-0.955842 -4.283286
-0.958620 -4.214450
-0.961353 -4.145416
-0.964041 -4.076186
-0.966684 -4.006765
-0.969281 -3.937155
-0.971833 -3.867360
-0.974339 -3.797383
-0.976799 -3.727228
-0.979214 -3.656897
-0.981582 -3.586394
-0.983904 -3.515723
-0.986180 -3.444886
-0.988409 -3.373887
-0.990592 -3.302729
-0.992728 -3.231416
-0.994818 -3.159951
-0.996861 -3.088338
-0.998857 -3.016579
-1.000806 -2.944678
-1.002708 -2.872639
-1.004563 -2.800464
-1.006370 -2.728158
-1.008131 -2.655723
-1.009844 -2.583164
-1.011509 -2.510483
-1.013127 -2.437684
-1.014697 -2.364770
-1.016219 -2.291745
-1.017694 -2.218612
-1.019121 -2.145375
-1.020500 -2.072036
-1.021831 -1.998601
-1.023114 -1.925071
-1.024348 -1.851451
-1.025535 -1.777743
-1.026673 -1.703952
-1.027763 -1.630081
-1.028805 -1.556133
-1.029798 -1.482112
-1.030743 -1.408021
-1.031640 -1.333863
-1.032488 -1.259643
-1.033287 -1.185364
-1.034038 -1.111029
-1.034740 -1.036642
-1.035394 -0.962205
-1.035998 -0.887724
-1.036555 -0.813201
-1.037062 -0.738639
-1.037521 -0.664043
-1.037930 -0.589415
-1.038291 -0.514760
-1.038604 -0.440080
-1.038867 -0.365380
-1.039081 -0.290662
-1.039247 -0.215931
-1.039364 -0.141189
-1.039432 -0.066441
-1.039451 0.008311
-1.039421 0.083062
-1.039342 0.157809
-1.039214 0.232549
-1.039038 0.307278
-1.038813 0.381993
-1.038538 0.456689
-1.038215 0.531365
-1.037844 0.606015
-1.037423 0.680637
-1.036953 0.755227
-1.036435 0.829781
-1.035868 0.904297
-1.035253 0.978770
-1.034588 1.053197
-1.033875 1.127574
-1.033114 1.201899
-1.032303 1.276167
-1.031445 1.350375
-1.030537 1.424520
-1.029582 1.498598
-1.028577 1.572605
-1.027525 1.646539
-1.026424 1.720395
-1.025275 1.794170
-1.024078 1.867861
-1.022832 1.941464
-1.021539 2.014976
-1.020197 2.088393
-1.018807 2.161712
-1.017370 2.234930
-1.015885 2.308042
-1.014352 2.381046
-1.012771 2.453938
-1.011142 2.526715
-1.009466 2.599373
-1.007743 2.671908
-1.005972 2.744319
-1.004154 2.816600
-1.002288 2.888748
-1.000376 2.960761
-0.998416 3.032635
-0.996410 3.104366
-0.994357 3.175951
-0.992256 3.247387
-0.990110 3.318671
-0.987916 3.389798
-0.985676 3.460766
-0.983390 3.531571
-0.981058 3.602210
-0.978679 3.672680
-0.976255 3.742977
-0.973784 3.813099
-0.971268 3.883041
-0.968706 3.952800
-0.966099 4.022374
-0.963446 4.091758
-0.960747 4.160950
-0.958004 4.229947
-0.955216 4.298744
-0.952382 4.367340
-0.949504 4.435730
-0.946581 4.503912
-0.943614 4.571882
-0.940602 4.639637
-0.937546 4.707174
-0.934446 4.774489
-0.931302 4.841580
-0.928114 4.908444
-0.924883 4.975076
-0.921608 5.041475
-0.918290 5.107637
-0.914928 5.173559
-0.911524 5.239237
-0.908076 5.304669
-0.904586 5.369852
-0.901054 5.434782
-0.897479 5.499456
-0.893861 5.563872
-0.890202 5.628027
-0.886501 5.691917
-0.882758 5.755539
-0.878974 5.818891
-0.875149 5.881969
-0.871282 5.944770
-0.867374 6.007292
-0.863425 6.069532
-0.859436 6.131486
-0.855407 6.193152
-0.851337 6.254526
-0.847227 6.315607
-0.843077 6.376390
-0.838888 6.436874
-0.834659 6.497055
-0.830391 6.556931
-0.826084 6.616499
-0.821738 6.675755
-0.817354 6.734697
-0.812931 6.793323
-0.808469 6.851629
-0.803970 6.909614
-0.799433 6.967273
-0.794858 7.024605
-0.790246 7.081606
-0.785597 7.138274
-0.780911 7.194607
-0.776188 7.250602
-0.771429 7.306255
-0.766633 7.361565
-0.761801 7.416529
-0.756934 7.471145
-0.752031 7.525408
-0.747092 7.579318
-0.742118 7.632872
-0.737110 7.686067
-0.732067 7.738900
-0.726989 7.791370
-0.721877 7.843473
-0.716731 7.895207
-0.711552 7.946570
-0.706339 7.997560
-0.701093 8.048173
-0.695813 8.098408
-0.690502 8.148262
-0.685157 8.197733
-0.679781 8.246819
-0.674372 8.295517
-0.668932 8.343825
-0.663460 8.391740
-0.657957 8.439261
-0.652423 8.486385
-0.646859 8.533110
-0.641264 8.579434
-0.635639 8.625354
-0.629983 8.670869
-0.624299 8.715976
-0.618585 8.760673
-0.612842 8.804958
-0.607070 8.848829
-0.601269 8.892284
-0.595440 8.935321
-0.589584 8.977938
-0.583699 9.020133
-0.577787 9.061903
-0.571848 9.103248
-0.565882 9.144164
-0.559889 9.184651
-0.553870 9.224705
-0.547825 9.264326
-0.541755 9.303511
-0.535658 9.342259
-0.529537 9.380567
-0.523390 9.418435
-0.517219 9.455859
-0.511024 9.492839
-0.504805 9.529372
-0.498562 9.565457
-0.492295 9.601093
-0.486005 9.636277
-0.479693 9.671008
-0.473358 9.705284
-0.467000 9.739104
-0.460621 9.772466
-0.454220 9.805368
-0.447798 9.837809
-0.441354 9.869788
-0.434890 9.901303
-0.428405 9.932351
-0.421900 9.962933
-0.415376 9.993047
-0.408832 10.022690
-0.402268 10.051863
-0.395686 10.080562
-0.389085 10.108788
-0.382466 10.136538
-0.375828 10.163811
-0.369174 10.190607
-0.362501 10.216923
-0.355812 10.242759
-0.349106 10.268114
-0.342383 10.292985
-0.335645 10.317373
-0.328890 10.341275
-0.322120 10.364691
-0.315335 10.387620
-0.308536 10