8.397535 0.000000
8.390902 -1.888024
8.370941 -3.778278
8.337683 -5.662543
8.291182 -7.537826
8.231510 -9.401148
8.158763 -11.249550
8.073055 -13.080094
7.974524 -14.889874
7.863325 -16.676015
7.739636 -18.435678
7.603651 -20.166070
7.455588 -21.864441
7.295682 -23.528093
7.124185 -25.154383
6.941372 -26.740729
6.747531 -28.284609
6.542972 -29.783572
6.328017 -31.235236
6.103010 -32.637294
5.868308 -33.987520
5.624282 -35.283769
5.371321 -36.523981
5.109827 -37.706185
4.840214 -38.828504
4.562912 -39.889154
4.278359 -40.886451
3.987009 -41.818810
3.689324 -42.684748
3.385777 -43.482891
3.076850 -44.211971
2.763033 -44.870828
2.444826 -45.458415
2.122733 -45.973800
1.797266 -46.416162
1.468942 -46.784799
1.138283 -47.079124
0.805813 -47.298670
0.472062 -47.443087
0.137558 -47.512146
-0.197166 -47.505736
-0.531580 -47.423867
-0.865151 -47.266668
-1.197350 -47.034389
-1.527650 -46.727398
-1.855525 -46.346183
-2.180454 -45.891348
-2.501923 -45.363615
-2.819420 -44.763822
-3.132440 -44.092922
-3.440486 -43.351979
-3.743070 -42.542170
-4.039710 -41.664781
-4.329936 -40.721206
-4.613285 -39.712941
-4.889309 -38.641589
-5.157568 -37.508852
-5.417636 -36.316527
-5.669101 -35.066508
-5.911562 -33.760781
-6.144635 -32.401419
-6.367950 -30.990581
-6.581150 -29.530507
-6.783899 -28.023518
-6.975873 -26.472005
-7.156768 -24.878433
-7.326296 -23.245334
-7.484188 -21.575301
-7.630193 -19.870986
-7.764079 -18.135096
-7.885633 -16.370389
-7.994662 -14.579667
-8.090994 -12.765775
-8.174474 -10.931593
-8.244970 -9.080036
-8.302370 -7.214043
-8.346582 -5.336580
-8.377537 -3.450627
-8.395186 -1.559181
-8.399499 0.334754
-8.390471 2.228170
-8.368114 4.118059
-8.332466 6.001420
-8.283582 7.875260
-8.221540 9.736602
-8.146438 11.582492
-8.058396 13.409995
-7.957553 15.216210
-7.844069 16.998268
-7.718125 18.753336
-7.579921 20.478628
-7.429675 22.171402
-7.267627 23.828970
-7.094034 25.448699
-6.909172 27.028015
-6.713334 28.564409
-6.506830 30.055442
-6.289990 31.498743
-6.063158 32.892021
-5.826693 34.233062
-5.580971 35.519735
-5.326383 36.749996
-5.063332 37.921891
-4.792237 39.033558
-4.513529 40.083230
-4.227649 41.069241
-3.935051 41.990022
-3.636202 42.844112
-3.331575 43.630153
-3.021653 44.346897
-2.706930 44.993203
-2.387906 45.568046
-2.065086 46.070511
-1.738984 46.499801
-1.410117 46.855232
-1.079008 47.136239
-0.746184 47.342377
-0.412172 47.473316
-0.077503 47.528848
0.257292 47.508886
0.591680 47.413459
0.925130 47.242719
1.257113 46.996936
1.587101 46.676501
1.914570 46.281923
2.239001 45.813826
2.559877 45.272955
2.876689 44.660168
3.188933 43.976438
3.496115 43.222850
3.797745 42.400602
4.093345 41.510998
4.382444 40.555451
4.664585 39.535479
4.939318 38.452702
5.206207 37.308838
5.464828 36.105705
5.714770 34.845213
5.955637 33.529363
6.187045 32.160247
6.408627 30.740037
6.620031 29.270991
6.820921 27.755440
7.010978 26.195791
7.189900 24.594523
7.357402 22.954177
7.513219 21.277360
7.657102 19.566735
7.788824 17.825018
7.908175 16.054977
8.014965 14.259421
8.109025 12.441204
8.190204 10.603213
8.258375 8.748368
8.313429 6.879614
8.355277 4.999921
8.383855 3.112273
8.399115 1.219669
8.401034 -0.674885
8.389609 -2.568379
8.364857 -4.457806
8.326819 -6.340164
8.275554 -8.212464
8.211143 -10.071731
8.133689 -11.915013
8.043315 -13.739380
7.940164 -15.541936
7.824400 -17.319816
7.696208 -19.070197
7.555789 -20.790298
7.403368 -22.477386
7.239186 -24.128782
7.063504 -25.741863
6.876601 -27.314065
6.678774 -28.842891
6.470337 -30.325912
6.251621 -31.760773
6.022973 -33.145194
5.784757 -34.476976
5.537351 -35.754003
5.281148 -36.974245
5.016554 -38.135765
4.743990 -39.236717
4.463888 -40.275352
4.176695 -41.250020
3.882865 -42.159171
3.582866 -43.001363
3.277173 -43.775255
2.966273 -44.479619
2.650660 -45.113336
2.330833 -45.675398
2.007303 -46.164912
1.680582 -46.581099
1.351189 -46.923300
1.019648 -47.190968
0.686485 -47.383680
0.352229 -47.501127
0.017412 -47.543124
-0.317435 -47.509602
-0.651780 -47.400615
-0.985092 -47.216335
-1.316842 -46.957055
-1.646502 -46.623186
-1.973548 -46.215257
-2.297462 -45.733916
-2.617729 -45.179928
-2.933840 -44.554171
-3.245293 -43.857640
-3.551593 -43.091439
-3.852254 -42.256786
-4.146797 -41.355007
-4.434756 -40.387532
-4.715672 -39.355899
-4.989100 -38.261745
-5.254604 -37.106808
-5.511764 -35.892923
-5.760171 -34.622017
-5.999430 -33.296108
-6.229160 -31.917302
-6.448998 -30.487789
-6.658593 -29.009839
-6.857613 -27.485800
-7.045742 -25.918092
-7.222680 -24.309204
-7.388147 -22.661693
-7.541879 -20.978175
-7.683633 -19.261324
-7.813183 -17.513866
-7.930323 -15.738578
-8.034867 -13.938278
-8.126649 -12.115827
-8.205524 -10.274119
-8.271365 -8.416079
-8.324067 -6.544659
-8.363549 -4.662830
-8.389745 -2.773583
-8.402616 -0.879918
-8.402139 1.015157
-8.388317 2.908632
-8.361170 4.797500
-8.320742 6.678759
-8.267097 8.549423
-8.200320 10.406518
-8.120517 12.247096
-8.027814 14.068232
-7.922360 15.867034
-7.804321 17.640644
-7.673884 19.386245
-7.531258 21.101064
-7.376667 22.782377
-7.210358 24.427514
-7.032596 26.033859
-6.843661 27.598863
-6.643854 29.120038
-6.433493 30.594969
-6.212912 32.021312
-5.982460 33.396800
-5.742504 34.719250
-5.493425 35.986559
-5.235618 37.196716
-4.969494 38.347796
-4.695474 39.437971
-4.413994 40.465509
-4.125501 41.428778
-3.830453 42.326248
-3.529318 43.156491
-3.222576 43.918189
-2.910712 44.610131
-2.594224 45.231219
-2.273612 45.780464
-1.949387 46.256995
-1.622063 46.660053
-1.292161 46.988998
-0.960204 47.243307
-0.626720 47.422575
-0.292238 47.526518
0.042711 47.554969
0.377593 47.507884
0.711879 47.385335
1.045035 47.187518
1.376534 46.914746
1.705849 46.567453
2.032456 46.146188
2.355837 45.651621
2.675478 45.084537
2.990871 44.445835
3.301515 43.736532
3.606918 42.957751
3.906593 42.110731
4.200065 41.196815
4.486867 40.217456
4.766544 39.174208
5.038652 38.068728
5.302758 36.902772
5.558442 35.678191
5.805300 34.396930
6.042937 33.061024
6.270978 31.672595
6.489059 30.233847
6.696834 28.747065
6.893973 27.214611
7.080163 25.638920
7.255107 24.022492
7.418529 22.367896
7.570168 20.677760
7.709784 18.954767
7.837154 17.201655
7.952076 15.421208
8.054368 13.616254
8.143867 11.789660
8.220430 9.944327
8.283937 8.083187
8.334285 6.209194
8.371396 4.325327
8.395209 2.434576
8.405688 0.539946
8.402814 -1.355554
8.386594 -3.248913
8.357052 -5.137124
8.314236 -7.017188
8.258212 -8.886118
8.189071 -10.740945
8.106921 -12.578723
8.011894 -14.396533
7.904140 -16.191487
7.783831 -17.960734
7.651156 -19.701464
7.506327 -21.410910
7.349575 -23.086359
7.181147 -24.725148
7.001311 -26.324673
6.810353 -27.882394
6.608576 -29.395837
6.396300 -30.862597
6.173863 -32.280344
5.941618 -33.646825
5.699934 -34.959870
5.449194 -36.217392
5.189797 -37.417395
4.922155 -38.557971
4.646692 -39.637308
4.363847 -40.653691
4.074069 -41.605507
3.777817 -42.491241
3.475562 -43.309487
3.167785 -44.058945
2.854974 -44.738424
2.537626 -45.346844
2.216245 -45.883239
1.891341 -46.346754
1.563432 -46.736655
1.233037 -47.052321
0.900681 -47.293251
0.566892 -47.459060
0.232200 -47.549486
-0.102862 -47.564384
-0.437764 -47.503729
-0.771972 -47.367619
-1.104956 -47.156268
-1.436187 -46.870011
-1.765139 -46.509304
-2.091290 -46.074718
-2.414121 -45.566943
-2.733119 -44.986785
-3.047778 -44.335166
-3.357598 -43.613119
-3.662086 -42.821792
-3.960760 -41.962441
-4.253145 -41.036430
-4.538775 -40.045230
-4.817198 -38.990415
-5.087971 -37.873660
-5.350664 -36.696738
-5.604860 -35.461519
-5.850154 -34.169964
-6.086158 -32.824124
-6.312495 -31.426137
-6.528808 -29.978223
-6.734751 -28.482681
-6.929998 -26.941888
-7.114238 -25.358289
-7.287180 -23.734400
-7.448547 -22.072800
-7.598084 -20.376128
-7.735553 -18.647080
-7.860736 -16.888400
-7.973433 -15.102884
-8.073466 -13.293366
-8.160676 -11.462720
-8.234923 -9.613855
-8.296091 -7.749707
-8.344081 -5.873237
-8.378818 -3.987426
-8.400245 -2.095268
-8.408330 -0.199770
-8.403059 1.696058
-8.384441 3.589204
-8.352504 5.476662
-8.307299 7.355432
-8.248899 9.222532
-8.177396 11.074995
-8.092904 12.909878
-7.995555 14.724266
-7.885506 16.515279
-7.762931 18.280070
-7.628024 20.015836
-7.481000 21.719820
-7.322091 23.389315
-7.151552 25.021669
-6.969651 26.614288
-6.776678 28.164644
-6.572940 29.670272
-6.358760 31.128782
-6.134479 32.537855
-5.900451 33.895254
-5.657050 35.198822
-5.404661 36.446489
-5.143686 37.636271
-4.874539 38.766278
-4.597647 39.834716
-4.313451 40.839887
-4.022401 41.780194
-3.724960 42.654142
-3.421600 43.460343
-3.112803 44.197517
-2.799060 44.864491
-2.480868 45.460206
-2.158734 45.983715
-1.833169 46.434185
-1.504689 46.810902
-1.173818 47.113266
-0.841080 47.340797
-0.507003 47.493132
-0.172120 47.570029
0.163040 47.571365
0.497943 47.497138
0.832057 47.347465
1.164851 47.122584
1.495797 46.822850
1.824370 46.448741
2.150047 46.000849
2.472311 45.479885
2.790650 44.886677
3.104558 44.222166
3.413537 43.487407
3.717096 42.683568
4.014753 41.811923
4.306034 40.873858
4.590478 39.870862
4.867631 38.804528
5.137055 37.676549
5.398321 36.488717
5.651014 35.242917
5.894732 33.941129
6.129088 32.585419
6.353711 31.177941
6.568243 29.720930
6.772342 28.216701
6.965686 26.667641
7.147967 25.076212
7.318895 23.444941
7.478199 21.776419
7.625625 20.073296
7.760939 18.338277
7.883927 16.574118
7.994392 14.783620
8.092160 12.969628
8.177075 11.135023
8.249002 9.282719
8.307826 7.415658
8.353454 5.536805
8.385814 3.649145
8.404854 1.755677
8.410543 -0.140593
8.402873 -2.036651
8.381856 -3.929488
8.347525 -5.816095
8.299934 -7.693475
8.239159 -9.558648
8.165297 -11.408650
8.078464 -13.240542
7.978798 -15.051415
7.866458 -16.838392
7.741622 -18.598634
7.604489 -20.329345
7.455275 -22.027776
7.294219 -23.691229
7.121575 -25.317061
6.937617 -26.902690
6.742639 -28.445596
6.536949 -29.943329
6.320875 -31.393509
6.094759 -32.793833
5.858960 -34.142076
5.613854 -35.436095
5.359829 -36.673836
5.097288 -37.853331
4.826649 -38.972707
4.548341 -40.030186
4.262807 -41.024086
3.970500 -41.952830
3.671884 -42.814941
3.367434 -43.609050
3.057633 -44.333895
2.742973 -44.988323
2.423954 -45.571296
2.101083 -46.081886
1.774872 -46.519282
1.445840 -46.882789
1.114509 -47.171828
0.781405 -47.385941
0.447058 -47.524787
0.111999 -47.588144
-0.223240 -47.575912
-0.558127 -47.488109
-0.892130 -47.324874
-1.224717 -47.086467
-1.555362 -46.773265
-1.883538 -46.385766
-2.208724 -45.924584
-2.530405 -45.390451
-2.848068 -44.784216
-3.161209 -44.106841
-3.469331 -43.359401
-3.771944 -42.543084
-4.068567 -41.659185
-4.358730 -40.709107
-4.641972 -39.694361
-4.917842 -38.616556
-5.185902 -37.477405
-5.445726 -36.278717
-5.696902 -35.022395
-5.939031 -33.710435
-6.171728 -32.344920
-6.394622 -30.928018
-6.607361 -29.461981
-6.809606 -27.949136
-7.001036 -26.391886
-7.181347 -24.792704
-7.350252 -23.154131
-7.507482 -21.478769
-7.652789 -19.769278
-7.785941 -18.028374
-7.906726 -16.258822
-8.014953 -14.463433
-8.110449 -12.645058
-8.193064 -10.806585
-8.262664 -8.950935
-8.319141 -7.081055
-8.362404 -5.199915
-8.392384 -3.310503
-8.409034 -1.415820
-8.412326 0.481125
-8.402257 2.377317
-8.378841 4.269746
-8.342116 6.155405
-8.292139 8.031299
-8.228992 9.894449
-8.152772 11.741894
-8.063602 13.570700
-7.961623 15.377962
-7.846997 17.160810
-7.719906 18.916410
-7.580552 20.641975
-7.429155 22.334763
-7.265957 23.992085
-7.091217 25.611309
-6.905212 27.189862
-6.708237 28.725236
-6.500605 30.214993
-6.282646 31.656765
-6.054706 33.048263
-5.817148 34.387275
-5.570348 35.671675
-5.314698 36.899421
-5.050604 38.068564
-4.778486 39.177246
-4.498776 40.223705
-4.211919 41.206278
-3.918369 42.123406
-3.618593 42.973630
-3.313068 43.755599
-3.002278 44.468071
-2.686717 45.109914
-2.366886 45.680108
-2.043294 46.177746
-1.716454 46.602038
-1.386885 46.952309
-1.055111 47.228003
-0.721659 47.428680
-0.387059 47.554022
-0.051841 47.603830
0.283461 47.578022
0.618315 47.476641
0.952189 47.299846
1.284552 47.047919
1.614878 46.721257
1.942640 46.320381
2.267319 45.845926
2.588399 45.298645
2.905369 44.679407
3.217727 43.989196
3.524975 43.229107
3.826626 42.400347
4.122201 41.504231
4.411230 40.542184
4.693255 39.515733
4.967826 38.426507
5.234508 37.276237
5.492877 36.066749
5.742523 34.799964
5.983048 33.477894
6.214072 32.102638
6.435227 30.676381
6.646162 29.201387
6.846541 27.680000
7.036046 26.114635
7.214376 24.507779
7.381248 22.861983
7.536396 21.179863
7.679575 19.464089
7.810556 17.717386
7.929132 15.942530
8.035113 14.142338
8.128332 12.319671
8.208641 10.477423
8.275911 8.618520
8.330036 6.745915
8.370930 4.862583
8.398527 2.971514
8.412785 1.075713
8.413679 -0.821809
8.401209 -2.718038
8.375395 -4.609962
8.336276 -6.494577
8.283916 -8.368887
8.218397 -10.229916
8.139823 -12.074709
8.048320 -13.900333
7.944031 -15.703890
7.827124 -17.482515
7.697783 -19.233382
7.556214 -20.953709
7.402641 -22.640765
7.237309 -24.291868
7.060480 -25.904397
6.872435 -27.475789
6.673473 -29.003549
6.463908 -30.485249
6.244075 -31.918535
6.014323 -33.301130
5.775015 -34.630839
5.526533 -35.905548
5.269271 -37.123232
5.003637 -38.281957
4.730054 -39.379882
4.448955 -40.415262
4.160788 -41.386453
3.866010 -42.291911
3.565089 -43.130198
3.258504 -43.899981
2.946740 -44.600038
2.630294 -45.229256
2.309667 -45.786635
1.985370 -46.271289
1.657917 -46.682448
1.327829 -47.019459
0.995629 -47.281786
0.661846 -47.469010
0.327009 -47.580836
-0.008350 -47.617083
-0.343698 -47.577695
-0.678501 -47.462734
-1.012230 -47.272381
-1.344352 -47.006938
-1.674342 -46.666827
-2.001674 -46.252588
-2.325828 -45.764877
-2.646291 -45.204469
-2.962552 -44.572254
-3.274109 -43.869235
-3.580468 -43.096529
-3.881141 -42.255362
-4.175652 -41.347071
-4.463532 -40.373097
-4.744323 -39.334987
-5.017581 -38.234390
-5.282870 -37.073054
-5.539770 -35.852823
-5.787872 -34.575634
-6.026782 -33.243516
-6.256121 -31.858585
-6.475523 -30.423040
-6.684642 -28.939161
-6.883143 -27.409305
-7.070713 -25.835901
-7.247052 -24.221449
-7.411882 -22.568512
-7.564939 -20.879716
-7.705981 -19.157744
-7.834784 -17.405329
-7.951142 -15.625256
-8.054872 -13.820352
-8.145808 -11.993484
-8.223805 -10.147553
-8.288740 -8.285491
-8.340510 -6.410256
-8.379031 -4.524827
-8.404244 -2.632198
-8.416107 -0.735375
-8.414602 1.162628
-8.399731 3.058796
-8.371517 4.950119
-8.330006 6.833591
-8.275263 8.706221
-8.207375 10.565034
-8.126450 12.407077
-8.032617 14.229425
-7.926023 16.029183
-7.806839 17.803491
-7.675254 19.549532
-7.531476 21.264531
-7.375734 22.945765
-7.208275 24.590562
-7.029366 26.196309
-6.839290 27.760457
-6.638348 29.280520
-6.426861 30.754082
-6.205164 32.178804
-5.973610 33.552423
-5.732565 34.872754
-5.482413 36.137702
-5.223550 37.345257
-4.956389 38.493499
-4.681354 39.580605
-4.398880 40.604848
-4.109418 41.564600
-3.813426 42.458336
-3.511375 43.284636
-3.203744 44.042188
-2.891022 44.729787
-2.573707 45.346341
-2.252301 45.890870
-1.927315 46.362509
-1.599266 46.760508
-1.268674 47.084234
-0.936065 47.333173
-0.601967 47.506928
-0.266910 47.605224
0.068572 47.627903
0.403948 47.574930
0.738685 47.446387
1.072250 47.242478
1.404114 46.963528
1.733750 46.609977
2.060635 46.182389
2.384248 45.681440
2.704077 45.107927
3.019612 44.462760
3.330353 43.746963
3.635806 42.961673
3.935486 42.108136
4.228916 41.187709
4.515631 40.201852
4.795176 39.152132
5.067105 38.040214
5.330988 36.867866
5.586404 35.636948
5.832949 34.349415
6.070230 33.007313
6.297870 31.612773
6.515508 30.168009
6.722799 28.675316
6.919412 27.137065
7.105036 25.555699
7.279374 23.933729
7.442152 22.273732
7.593109 20.578344
7.732006 18.850258
7.858623 17.092218
7.972757 15.307017
8.074228 13.497491
8.162875 11.666513
8.238556 9.816992
8.301151 7.951865
8.350561 6.074095
8.386707 4.186664
8.409532 2.292571
8.418999 0.394823
8.415093 -1.503563
8.397821 -3.399574
8.367209 -5.290198
8.323306 -7.172431
8.266182 -9.043283
8.195928 -10.899783
8.112654 -12.738982
8.016494 -14.557958
7.907599 -16.353822
7.786143 -18.123721
7.652319 -19.864844
7.506339 -21.574424
7.348435 -23.249747
7.178857 -24.888149
6.997875 -26.487030
6.805776 -28.043849
6.602866 -29.556133
6.389466 -31.021479
6.165915 -32.437560
5.932569 -33.802125
5.689799 -35.113008
5.437988 -36.368125
5.177539 -37.565482
4.908863 -38.703178
4.632389 -39.779404
4.348554 -40.792450
4.057810 -41.740708
3.760619 -42.622671
3.457452 -43.436936
3.148792 -44.182211
2.835128 -44.857311
2.516958 -45.461163
2.194789 -45.992808
1.869131 -46.451400
1.540502 -46.836211
1.209423 -47.146629
0.876422 -47.382161
0.542026 -47.542431
0.206767 -47.627185
-0.128822 -47.636288
-0.464209 -47.569724
-0.798861 -47.427599
-1.132246 -47.210139
-1.463835 -46.917687
-1.793101 -46.550709
-2.119521 -46.109786
-2.442576 -45.595619
-2.761754 -45.009023
-3.076547 -44.350930
-3.386455 -43.622385
-3.690986 -42.824545
-3.989656 -41.958676
-4.281991 -41.026154
-4.567526 -40.028458
-4.845808 -38.967174
-5.116395 -37.843987
-5.378857 -36.660681
-5.632776 -35.419134
-5.877750 -34.121319
-6.113389 -32.769296
-6.339318 -31.365213
-6.555180 -29.911299
-6.760631 -28.409864
-6.955345 -26.863293
-7.139012 -25.274041
-7.311340 -23.644634
-7.472056 -21.977658
-7.620904 -20.275761
-7.757648 -18.541646
-7.882071 -16.778069
-7.993974 -14.987829
-8.093181 -13.173770
-8.179532 -11.338774
-8.252892 -9.485756
-8.313143 -7.617658
-8.360190 -5.737447
-8.393957 -3.848111
-8.414392 -1.952650
-8.421461 -0.054074
-8.415154 1.844599
-8.395479 3.740355
-8.362469 5.630182
-8.316176 7.511079
-8.256672 9.380057
-8.184054 11.234148
-8.098435 13.070407
-7.999952 14.885916
-7.888761 16.677792
-7.765038 18.443189
-7.628981 20.179301
-7.480804 21.883372
-7.320744 23.552695
-7.149055 25.184616
-6.966009 26.776545
-6.771896 28.325951
-6.567026 29.830375
-6.351723 31.287425
-6.126330 32.694787
-5.891204 34.050225
-5.646719 35.351586
-5.393262 36.596803
-5.131238 37.783896
-4.861061 38.910981
-4.583160 39.976266
-4.297978 40.978060
-4.005968 41.914769
-3.707592 42.784906
-3.403325 43.587089
-3.093650 44.320043
-2.779059 44.982602
-2.460051 45.573715
-2.137134 46.092441
-1.810820 46.537957
-1.481628 46.909553
-1.150080 47.206640
-0.816703 47.428746
-0.482027 47.575516
-0.146583 47.646717
0.189097 47.642235
0.524478 47.562078
0.859028 47.406371
1.192216 47.175363
1.523512 46.869418
1.852391 46.489024
2.178329 46.034783
2.500810 45.507416
2.819320 44.907761
3.133354 44.236770
3.442413 43.495507
3.746006 42.685151
4.043651 41.806988
4.334874 40.862412
4.619215 39.852923
4.896219 38.780124
5.165448 37.645719
5.426475 36.451510
5.678883 35.199392
5.922272 33.891355
6.156256 32.529475
6.380463 31.115916
6.594537 29.652923
6.798137 28.142819
6.990940 26.588002
7.172640 24.990942
7.342948 23.354176
7.501593 21.680303
7.648324 19.971981
7.782906 18.231924
7.905128 16.462896
8.014793 14.667707
8.111728 12.849207
8.195779 11.010285
8.266813 9.153862
8.324715 7.282887
8.369395 5.400331
8.400781 3.509185
8.418823 1.612452
8.423493 -0.286854
8.414783 -2.185717
8.392706 -4.081121
8.357299 -5.970055
8.308616 -7.849518
8.246735 -9.716525
8.171754 -11.568110
8.083793 -13.401333
7.982991 -15.213281
7.869508 -17.001075
7.743524 -18.761877
7.605239 -20.492888
7.454873 -22.191359
7.292665 -23.854592
7.118871 -25.479946
6.933769 -27.064837
6.737652 -28.606748
6.530831 -30.103229
6.313636 -31.551904
6.086410 -32.950471
5.849515 -34.296708
5.603327 -35.588476
5.348237 -36.823724
5.084649 -38.000487
4.812984 -39.116898
4.533672 -40.171182
4.247157 -41.161665
3.953893 -42.086772
3.654347 -42.945033
3.348995 -43.735086
3.038320 -44.455674
2.722818 -45.105652
2.402989 -45.683989
2.079340 -46.189763
1.752387 -46.622172
1.422648 -46.980529
1.090647 -47.264263
0.756912 -47.472924
0.421972 -47.606179
0.086359 -47.663816
-0.249393 -47.645744
-0.584751 -47.551990
-0.919182 -47.382702
-1.252156 -47.138151
-1.583142 -46.818722
-1.911616 -46.424924
-2.237056 -45.957381
-2.558945 -45.416835
-2.876771 -44.804145
-3.190030 -44.120282
-3.498223 -43.366334
-3.800862 -42.543497
-4.097466 -41.653078
-4.387563 -40.696491
-4.670693 -39.675254
-4.946405 -38.590989
-5.214262 -37.445418
-5.473839 -36.240361
-5.724723 -34.977732
-5.966515 -33.659534
-6.198831 -32.287863
-6.421303 -30.864896
-6.633576 -29.392893
-6.835313 -27.874192
-7.026195 -26.311206
-7.205918 -24.706416
-7.374195 -23.062371
-7.530760 -21.381683
-7.675365 -19.667020
-7.807778 -17.921107
-7.927791 -16.146717
-8.035212 -14.346666
-8.129870 -12.523816
-8.211615 -10.681060
-8.280317 -8.821327
-8.335867 -6.947569
-8.378176 -5.062763
-8.407178 -3.169903
-8.422825 -1.271996
-8.425094 0.627945
-8.413980 2.526900
-8.389502 4.421854
-8.351697 6.309797
-8.300626 8.187730
-8.236369 10.052669
-8.159030 11.901653
-8.068730 13.731744
-7.965612 15.540035
-7.849842 17.323654
-7.721602 19.079768
-7.581095 20.805586
-7.428546 22.498368
-7.264197 24.155424
-7.088307 25.774122
-6.901158 27.351891
-6.703045 28.886224
-6.494283 30.374683
-6.275205 31.814904
-6.046157 33.204600
-5.807504 34.541561
-5.559625 35.823665
-5.302913 37.048875
-5.037777 38.215243
-4.764636 39.320917
-4.483925 40.364140
-4.196091 41.343255
-3.901589 42.256706
-3.600887 43.103042
-3.294465 43.880918
-2.982807 44.589097
-2.666409 45.226455
-2.345774 45.791978
-2.021410 46.284769
-1.693834 46.704042
-1.363565 47.049134
-1.031127 47.319493
-0.697050 47.514691
-0.361863 47.634418
-0.026100 47.678481
0.309707 47.646812
0.645025 47.539459
0.979320 47.356593
1.312062 47.098503
1.642722 46.765600
1.970775 46.358411
2.295699 45.877583
2.616979 45.323879
2.934105 44.698178
3.246571 44.001473
3.553883 43.234872
3.855552 42.399589
4.151099 41.496954
4.440054 40.528397
4.721958 39.495459
4.996363 38.399778
5.262835 37.243095
5.520948 36.027246
5.770293 34.754164
6.010474 33.425869
6.241110 32.044471
6.461834 30.612163
6.672295 29.131222
6.872159 27.603998
7.061109 26.032917
7.238843 24.420475
7.405081 22.769232
7.559557 21.081812
7.702027 19.360893
7.832263 17.609210
7.950060 15.829545
8.055229 14.024724
8.147604 12.197614
8.227037 10.351118
8.293403 8.488167
8.346597 6.611721
8.386532 4.724761
8.413147 2.830283
8.426398 0.931297
8.426264 -0.969180
8.412746 -2.868131
8.385866 -4.762538
8.345664 -6.649392
8.292206 -8.525697
8.225576 -10.388472
8.145880 -12.234758
8.053245 -14.061623
7.947816 -15.866163
7.829763 -17.645513
7.699272 -19.396846
7.556551 -21.117381
7.401825 -22.804383
7.235341 -24.455174
7.057364 -26.067131
6.868175 -27.637692
6.668076 -29.164364
6.457383 -30.644720
6.236432 -32.076410
6.005574 -33.457158
5.765174 -34.784771
5.515616 -36.057140
5.257295 -37.272244
4.990621 -38.428151
4.716019 -39.523027
4.433923 -40.555130
4.144783 -41.522821
3.849057 -42.424564
3.547216 -43.258924
3.239738 -44.024576
2.927111 -44.720304
2.609834 -45.345002
2.288408 -45.897677
1.963346 -46.377451
1.635163 -46.783561
1.304380 -47.115362
0.971524 -47.372326
0.637122 -47.554045
0.301706 -47.660230
-0.034192 -47.690710
-0.370038 -47.645438
-0.705298 -47.524485
-1.039439 -47.328042
-1.371932 -47.056421
-1.702248 -46.710053
-2.029863 -46.289488
-2.354255 -45.795393
-2.674909 -45.228552
-2.991317 -44.589865
-3.302976 -43.880347
-3.609390 -43.101124
-3.910073 -42.253434
-4.204547 -41.338621
-4.492344 -40.358140
-4.773008 -39.313546
-5.046092 -38.206499
-5.311162 -37.038757
-5.567798 -35.812174
-5.815591 -34.528699
-6.054149 -33.190368
-6.283091 -31.799309
-6.502055 -30.357731
-6.710692 -28.867921
-6.908671 -27.332248
-7.095678 -25.753150
-7.271415 -24.133134
-7.435603 -22.474775
-7.587981 -20.780705
-7.728308 -19.053615
-7.856359 -17.296249
-7.971933 -15.511398
-8.074844 -13.701896
-8.164929 -11.870619
-8.242046 -10.020473
-8.306072 -8.154399
-8.356904 -6.275360
-8.394463 -4.386341
-8.418688 -2.490342
-8.429540 -0.590375
-8.427003 1.310543
-8.411081 3.209391
-8.381798 5.103154
-8.339201 6.988823
-8.283357 8.863404
-8.214356 10.723918
-8.132306 12.567410
-8.037339 14.390952
-7.929604 16.191647
-7.809273 17.966634
-7.676536 19.713095
-7.531606 21.428255
-7.374711 23.109389
-7.206101 24.753826
-7.026043 26.358955
-6.834824 27.922225
-6.632747 29.441154
-6.420133 30.913327
-6.197320 32.336407
-5.964662 33.708132
-5.722527 35.026324
-5.471301 36.288888
-5.211383 37.493818
-4.943186 38.639200
-4.667134 39.723215
-4.383668 40.744140
-4.093236 41.700352
-3.796301 42.590333
-3.493334 43.412669
-3.184816 44.166052
-2.871237 44.849287
-2.553095 45.461286
-2.230896 46.001078
-1.905151 46.467804
-1.576378 46.860723
-1.245099 47.179210
-0.911840 47.422759
-0.577130 47.590982
-0.241501 47.683612
0.094513 47.700501
0.430380 47.641622
0.765565 47.507068
1.099536 47.297051
1.431763 47.011906
1.761718 46.652084
2.088877 46.218156
2.412720 45.710812
2.732733 45.130857
3.048407 44.479211
3.359241 43.756910
3.664741 42.965099
3.964422 42.105036
4.257807 41.178088
4.544432 40.185725
4.823840 39.129524
5.095587 38.011162
5.359242 36.832415
5.614387 35.595155
5.860615 34.301347
6.097535 32.953045
6.324772 31.552391
6.541964 30.101610
6.748765 28.603005
6.944849 27.058957
7.129902 25.471917
7.303631 23.844408
7.465760 22.179012
7.616031 20.478376
7.754206 18.745201
7.880065 16.982239
7.993408 15.192291
8.094055 13.378199
8.181846 11.542845
8.256641 9.689144
8.318321 7.820040
8.366789 5.938503
8.401967 4.047520
8.423800 2.150096
8.432252 0.249245
8.427311 -1.652015
8.408983 -3.550664
8.377298 -5.443685
8.332306 -7.328072
8.274079 -9.200831
8.202709 -11.058987
8.118309 -12.899589
8.021013 -14.719714
7.910975 -16.516469
7.788372 -18.287001
7.653396 -20.028498
7.506262 -21.738192
7.347204 -23.413368
7.176475 -25.051364
6.994345 -26.649580
6.801105 -28.205475
6.597060 -29.716578
6.382535 -31.180489
6.157870 -32.594882
5.923422 -33.957509
5.679564 -35.266207
5.426683 -36.518896
5.165181 -37.713586
4.895472 -38.848379
4.617985 -39.921471
4.333162 -40.931159
4.041453 -41.875837
3.743323 -42.754006
3.439245 -43.564269
3.129703 -44.305338
2.815187 -44.976038
2.496197 -45.575300
2.173240 -46.102175
1.846829 -46.555822
1.517482 -46.935523
1.185723 -47.240673
0.852078 -47.470787
0.517077 -47.625499
0.181253 -47.704563
-0.154861 -47.707853
-0.490732 -47.635362
-0.825825 -47.487206
-1.159608 -47.263620
-1.491552 -46.964957
-1.821129 -46.591693
-2.147815 -46.144419
-2.471092 -45.623845
-2.790446 -45.030798
-3.105369 -44.366220
-3.415362 -43.631165
-3.719932 -42.826801
-4.018595 -41.954404
-4.310877 -41.015361
-4.596313 -40.011161
-4.874451 -38.943401
-5.144847 -37.813775
-5.407073 -36.624078
-5.660712 -35.376199
-5.905361 -34.072119
-6.140632 -32.713909
-6.366150 -31.303728
-6.581558 -29.843814
-6.786512 -28.336485
-6.980689 -26.784137
-7.163778 -25.189234
-7.335489 -23.554309
-7.495550 -21.881960
-7.643706 -20.174841
-7.779721 -18.435666
-7.903380 -16.667196
-8.014485 -14.872239
-8.112861 -13.053647
-8.198351 -11.214309
-8.270819 -9.357146
-8.330150 -7.485107
-8.376250 -5.601167
-8.409045 -3.708317
-8.428483 -1.809564
-8.434533 0.092075
-8.427186 1.993581
-8.406453 3.891932
-8.372367 5.784114
-8.324981 7.667121
-8.264372 9.537961
-8.190635 11.393663
-8.103888 13.231280
-8.004267 15.047892
-7.891932 16.840614
-7.767060 18.606597
-7.629850 20.343037
-7.480520 22.047175
-7.319307 23.716304
-7.146466 25.347773
-6.962273 26.938989
-6.767020 28.487425
-6.561016 29.990622
-6.344589 31.446191
-6.118083 32.851820
-5.881858 34.205275
-5.636288 35.504407
-5.381764 36.747152
-5.118689 37.931535
-4.847483 39.055674
-4.568574 40.117784
-4.282407 41.116178
-3.989436 42.049268
-3.690126 42.915572
-3.384953 43.713714
-3.074400 44.442426
-2.758963 45.100549
-2.439141 45.687038
-2.115442 46.200961
-1.788381 46.641500
-1.458478 47.007957
-1.126255 47.299747
-0.792241 47.516407
-0.456967 47.657593
-0.120964 47.723080
0.215232 47.712762
0.551089 47.626657
0.886073 47.464900
1.219652 47.227748
1.551295 46.915577
1.880477 46.528883
2.206674 46.068278
2.529368 45.534495
2.848046 44.928380
3.162202 44.250896
3.471338 43.503119
3.774961 42.686235
4.072591 41.801543
4.363753 40.850447
4.647986 39.834456
4.924838 38.755185
5.193869 37.614348
5.454651 36.413756
5.706771 35.155315
5.949828 33.841025
6.183436 32.472973
6.407224 31.053331
6.620835 29.584354
6.823931 28.068375
7.016190 26.507801
7.197304 24.905112
7.366988 23.262853
7.524971 21.583631
7.671002 19.870115
7.804850 18.125026
7.926301 16.351134
8.035162 14.551259
8.131261 12.728259
8.214445 10.885028
8.284581 9.024496
8.341559 7.149617
8.385287 5.263368
8.415695 3.368747
8.432737 1.468763
8.436383 -0.433567
8.426630 -2.335221
8.403491 -4.233177
8.367004 -6.124423
8.317226 -8.005952
8.254237 -9.874777
8.178136 -11.727930
8.089044 -13.562465
7.987103 -15.375469
7.872474 -17.164063
7.745340 -18.925405
7.605902 -20.656697
7.454382 -22.355189
7.291020 -24.018182
7.116076 -25.643036
6.929827 -27.227168
6.732570 -28.768062
6.524617 -30.263271
6.306299 -31.710419
6.077963 -33.107207
5.839971 -34.451416
5.592701 -35.740911
5.336545 -36.973642
5.071912 -38.147652
4.799220 -39.261075
4.518903 -40.312143
4.231407 -41.299185
3.937187 -42.220633
3.636712 -43.075022
3.330458 -43.860997
3.018912 -44.577306
2.702568 -45.222814
2.381930 -45.796492
2.057506 -46.297430
1.729812 -46.724832
1.399368 -47.078018
1.066699 -47.356427
0.732333 -47.559616
0.396802 -47.687261
0.060638 -47.739160
-0.275624 -47.715229
-0.611450 -47.615507
-0.946308 -47.440150
-1.279664 -47.189438
-1.610990 -46.863767
-1.939759 -46.463655
-2.265450 -45.989736
-2.587544 -45.442764
-2.905530 -44.823605
-3.218903 -44.133244
-3.527165 -43.372776
-3.829826 -42.543410
-4.126406 -41.646460
-4.416433 -40.683353
-4.699448 -39.655618
-4.974999 -38.564886
-5.242650 -37.412889
-5.501975 -36.201458
-5.752562 -34.932516
-5.994014 -33.608078
-6.225946 -32.230247
-6.447990 -30.801212
-6.659793 -29.323243
-6.861020 -27.798686
-7.051349 -26.229964
-7.230479 -24.619567
-7.398126 -22.970053
-7.554022 -21.284042
-7.697920 -19.564212
-7.829592 -17.813295
-7.948828 -16.034071
-8.055438 -14.229367
-8.149254 -12.402049
-8.230126 -10.555019
-8.297926 -8.691211
-8.352546 -6.813586
-8.393898 -4.925125
-8.421918 -3.028829
-8.436560 -1.127710
-8.437802 0.775214
-8.425641 2.676918
-8.400097 4.574383
-8.361209 6.464594
-8.309040 8.344550
-8.243673 10.211263
-8.165210 12.061768
-8.073778 13.893126
-7.969520 15.702429
-7.852602 17.486801
-7.723211 19.243408
-7.581551 20.969461
-7.427848 22.662216
-7.262345 24.318986
-7.085305 25.937137
-6.897009 27.514101
-6.697757 29.047370
-6.487865 30.534511
-6.267666 31.973159
-6.037510 33.361030
-5.797762 34.695919
-5.548804 35.975705
-5.291030 37.198355
-5.024850 38.361927
-4.750686 39.464571
-4.468975 40.504536
-4.180163 41.480170
-3.884710 42.389922
-3.583084 43.232348
-3.275765 44.006107
-2.963240 44.709972
-2.646006 45.342823
-2.324568 45.903655
-1.999434 46.391577
-1.671123 46.805812
-1.340155 47.145703
-1.007057 47.410709
-0.672356 47.600408
-0.336585 47.714500
-0.000278 47.752801
0.336032 47.715252
0.671811 47.601910
1.006525 47.412956
1.339642 47.148689
1.670633 46.809528
1.998973 46.396012
2.324140 45.908797
2.645617 45.348656
2.962895 44.716479
3.275467 44.013269
3.582839 43.240143
3.884523 42.398329
4.180037 41.489163
4.468914 40.514088
4.750695 39.474654
5.024931 38.372511
5.291187 37.209409
5.549041 35.987195
5.798082 34.707810
6.037914 33.373287
6.268158 31.985743
6.488447 30.547384
6.698430 29.060494
6.897776 27.527433
7.086166 25.950638
7.263301 24.332611
7.428900 22.675924
7.582701 20.983207
7.724457 19.257148
7.853945 17.500490
7.970959 15.716022
8.075312 13.906579
8.166839 12.075034
8.245394 10.224297
8.310852 8.357308
8.363110 6.477031
8.402084 4.586454
8.427712 2.688579
8.439954 0.786421
8.438789 -1.116998
8.424220 -3.018656
8.396270 -4.915531
8.354983 -6.804611
8.300424 -8.682895
8.232681 -10.547399
8.151860 -12.395161
8.058090 -14.223247
7.951519 -16.028753
7.832318 -17.808809
7.700675 -19.560590
7.556799 -21.281312
7.400919 -22.968242
7.233282 -24.618699
7.054155 -26.230062
6.863821 -27.799772
6.662583 -29.325334
6.450762 -30.804326
6.228692 -32.234396
5.996727 -33.613275
5.755235 -34.938771
5.504600 -36.208778
5.245220 -37.421278
4.977506 -38.574346
4.701884 -39.666149
4.418792 -40.694953
4.128679 -41.659123
3.832006 -42.557127
3.529244 -43.387539
3.220875 -44.149038
2.907387 -44.840415
2.589279 -45.460572
2.267056 -46.008522
1.941230 -46.483394
1.612319 -46.884435
1.280844 -47.211007
0.947332 -47.462589
0.612314 -47.638783
0.276320 -47.739307
-0.060114 -47.764003
-0.396455 -47.712829
-0.732169 -47.585867
-1.066722 -47.383317
-1.399582 -47.105502
-1.730222 -46.752862
-2.058115 -46.325956
-2.382742 -45.825462
-2.703586 -45.252175
-3.020137 -44.607005
-3.331894 -43.890976
-3.638360 -43.105225
-3.939048 -42.251000
-4.233482 -41.329657
-4.521194 -40.342659
-4.801725 -39.291573
-5.074631 -38.178069
-5.339479 -37.003915
-5.595847 -35.770976
-5.843328 -34.481209
-6.081529 -33.136663
-6.310071 -31.739474
-6.528592 -30.291859
-6.736744 -28.796119
-6.934197 -27.254629
-7.120637 -25.669837
-7.295767 -24.044260
-7.459310 -22.380480
-7.611006 -20.681139
-7.750613 -18.948937
-7.877909 -17.186625
-7.992693 -15.397002
-8.094782 -13.582910
-8.184014 -11.747231
-8.260247 -9.892880
-8.323359 -8.022803
-8.373251 -6.139970
-8.409843 -4.247372
-8.433077 -2.348015
-8.442916 -0.444916
-8.439344 1.458903
-8.422367 3.360416
-8.392011 5.256604
-8.348325 7.144455
-8.291378 9.020970
-8.221261 10.883169
-8.138084 12.728092
-8.041981 14.552810
-7.933102 16.354424
-7.811622 18.130072
-7.677733 19.876934
-7.531647 21.592234
-7.373597 23.273248
-7.203834 24.917306
-7.022627 26.521795
-6.830263 28.084167
-6.627050 29.601939
-6.413308 31.072702
-6.189378 32.494117
-5.955615 33.863928
-5.712391 35.179957
-5.460091 36.440115
-5.199117 37.642399
-4.929882 38.784898
-4.652815 39.865799
-4.368356 40.883383
-4.076956 41.836034
-3.779078 42.722238
-3.475196 43.540586
-3.165791 44.289780
-2.851356 44.968628
-2.532390 45.576051
-2.209399 46.111084
-1.882896 46.572877
-1.553401 46.960696
-1.221436 47.273924
-0.887528 47.512064
-0.552209 47.674735
-0.216010 47.761681
0.120534 47.772761
0.456889 47.707959
0.792520 47.567376
1.126895 47.351234
1.459482 47.059878
1.789753 46.693770
2.117183 46.253489
2.441252 45.739736
2.761445 45.153325
3.077255 44.495188
3.388178 43.766370
3.693722 42.968028
3.993401 42.101429
4.286738 41.167950
4.573268 40.169073
4.852536 39.106384
5.124098 37.981570
5.387522 36.796419
5.642390 35.552811
5.888298 34.252723
6.124854 32.898219
6.351683 31.491449
6.568424 30.034649
6.774733 28.530131
6.970282 26.980286
7.154761 25.387574
7.327877 23.754526
7.489353 22.083736
7.638935 20.377856
7.776384 18.639596
7.901481 16.871717
8.014029 15.077027
8.113847 13.258377
8.200779 11.418655
8.274684 9.560784
8.335446 7.687713
8.382968 5.802420
8.417175 3.907897
8.438013 2.007154
8.445447 0.103210
8.439466 -1.800910
8.420080 -3.702181
8.387320 -5.597585
8.341236 -7.484110
8.281903 -9.358759
8.209414 -11.218555
8.123885 -13.060543
8.025451 -14.881798
7.914269 -16.679427
7.790514 -18.450573
7.654385 -20.192423
7.506096 -21.902211
7.345883 -23.577221
7.174001 -25.214790
6.990722 -26.812319
6.796338 -28.367269
6.591158 -29.877171
6.375506 -31.339624
6.149726 -32.752307
5.914177 -34.112975
5.669231 -35.419466
5.415279 -36.669705
5.152723 -37.861705
4.881981 -38.993572
4.603483 -40.063509
4.317670 -41.069815
4.024998 -42.010892
3.725930 -42.885244
3.420941 -43.691482
3.110517 -44.428325
2.795150 -45.094602
2.475341 -45.689254
2.151598 -46.211336
1.824436 -46.660019
1.494373 -47.034589
1.161934 -47.334451
0.827648 -47.559128
0.492044 -47.708263
0.155657 -47.781618
-0.180979 -47.779076
-0.517331 -47.700641
-0.852862 -47.546437
-1.187042 -47.316708
-1.519338 -47.011819
-1.849222 -46.632253
-2.176172 -46.178614
-2.499667 -45.651620
-2.819194 -45.052109
-3.134244 -44.381033
-3.444319 -43.639456
-3.748924 -42.828557
-4.047576 -41.949623
-4.339802 -41.004049
-4.625135 -39.993338
-4.903124 -38.919093
-5.173327 -37.783022
-5.435314 -36.586929
-5.688669 -35.332711
-5.932989 -34.022363
-6.167887 -32.657964
-6.392990 -31.241682
-6.607939 -29.775765
-6.812394 -28.262543
-7.006029 -26.704418
-7.188536 -25.103864
-7.359627 -23.463425
-7.519028 -21.785706
-7.666488 -20.073370
-7.801770 -18.329138
-7.924661 -16.555781
-8.034965 -14.756114
-8.132507 -12.932997
-8.217131 -11.089324
-8.288704 -9.228025
-8.347112 -7.352056
-8.392261 -5.464396
-8.424080 -3.568045
-8.442518 -1.666013
-8.447547 0.238678
-8.439157 2.143002
-8.417362 4.043934
-8.382196 5.938456
-8.333716 7.823557
-8.271998 9.696243
-8.197140 11.553540
-8.109262 13.392498
-8.008501 15.210194
-7.895020 17.003743
-7.768997 18.770294
-7.630633 20.507041
-7.480147 22.211226
-7.317778 23.880142
-7.143785 25.511137
-6.958443 27.101620
-6.762048 28.649065
-6.554910 30.151014
-6.337358 31.605079
-6.109739 33.008953
-5.872414 34.360403
-5.625759 35.657284
-5.370166 36.897534
-5.106042 38.079184
-4.833805 39.200355
-4.553889 40.259268
-4.266737 41.254239
-3.972806 42.183687
-3.672562 43.046137
-3.366483 43.840216
-3.055055 44.564664
-2.738772 45.218330
-2.418136 45.800174
-2.093658 46.309272
-1.765851 46.744815
-1.435238 47.106110
-1.102342 47.392584
-0.767694 47.603780
-0.431824 47.739363
-0.095265 47.799116
0.241447 47.782945
0.577777 47.690875
0.913192 47.523051
1.247159 47.279739
1.579147 46.961325
1.908628 46.568315
2.235080 46.101333
2.557984 45.561119
2.876827 44.948532
3.191103 44.264543
3.500312 43.510240
3.803962 42.686818
4.101573 41.795587
4.392670 40.837962
4.676792 39.815462
4.953487 38.729711
5.222316 37.582435
5.482851 36.375454
5.734679 35.110686
5.977400 33.790140
6.210627 32.415911
6.433991 30.990184
6.647137 29.515222
6.849725 27.993367
7.041435 26.427038
7.221961 24.818721
7.391017 23.170970
7.548333 21.486404
7.693661 19.767698
7.826769 18.017580
7.947446 16.238832
8.055500 14.434278
8.150759 12.606784
8.233072 10.759254
8.302307 8.894621
8.358356 7.015848
8.401128 5.125918
8.430557 3.227834
8.446594 1.324610
8.449214 -0.580731
8.438414 -2.485161
8.414210 -4.385657
8.376640 -6.279199
8.325765 -8.162779
8.261664 -10.033406
8.184440 -11.888107
8.094215 -13.723938
7.991133 -15.537981
7.875356 -17.327355
7.747070 -19.089218
7.606477 -20.820771
7.453801 -22.519263
7.289284 -24.181997
7.113187 -25.806330
6.925791 -27.389682
6.727392 -28.929539
6.518307 -30.423453
6.298866 -31.869052
6.069418 -33.264039
5.830328 -34.606198
5.581975 -35.893397
5.324755 -37.123590
5.059074 -38.294824
4.785356 -39.405237
4.504035 -40.453065
4.215558 -41.436644
3.920383 -42.354411
3.618979 -43.204907
3.311825 -43.986781
2.999407 -44.698790
2.682224 -45.339804
2.360778 -45.908804
2.035579 -46.404885
1.707146 -46.827259
1.375998 -47.175254
1.042663 -47.448318
0.707669 -47.646015
0.371549 -47.768032
0.034837 -47.814174
-0.301933 -47.784367
-0.638225 -47.678659
-0.973506 -47.497216
-1.307243 -47.240327
-1.638906 -46.908398
-1.967967 -46.501957
-2.293905 -46.021649
-2.616201 -45.468236
-2.934344 -44.842597
-3.247827 -44.145725
-3.556154 -43.378726
-3.858834 -42.542819
-4.155387 -41.639330
-4.445341 -40.669695
-4.728236 -39.635453
-5.003623 -38.538246
-5.271063 -37.379817
-5.530133 -36.162006
-5.780420 -34.886746
-6.021527 -33.556064
-6.253071 -32.172071
-6.474684 -30.736967
-6.686014 -29.253030
-6.886725 -27.722617
-7.076498 -26.148159
-7.255032 -24.532157
-7.422044 -22.877176
-7.577267 -21.185846
-7.720455 -19.460853
-7.851381 -17.704937
-7.969836 -15.920886
-8.075633 -14.111535
-8.168603 -12.279757
-8.248598 -10.428461
-8.315492 -8.560588
-8.369178 -6.679105
-8.409570 -4.787001
-8.436604 -2.887281
-8.450238 -0.982961
-8.450450 0.922932
-8.437238 2.827371
-8.410625 4.727332
-8.370652 6.619797
-8.317383 8.501759
-8.250901 10.370229
-8.171314 12.222238
-8.078746 14.054846
-7.973345 15.865141
-7.855279 17.650248
-7.724734 19.407330
-7.581919 21.133597
-7.427059 22.826306
-7.260401 24.482768
-7.082209 26.100353
-6.892767 27.676490
-6.692374 29.208675
-6.481350 30.694474
-6.260030 32.131528
-6.028765 33.517553
-5.787922 34.850347
-5.537883 36.127793
-5.279047 37.347861
-5.011823 38.508613
-4.736637 39.608205
-4.453925 40.644890
-4.164137 41.617020
-3.867733 42.523051
-3.565183 43.361544
-3.256968 44.131167
-2.943577 44.830695
-2.625509 45.459018
-2.303268 46.015137
-1.977367 46.498169
-1.648322 46.907345
-1.316658 47.242016
-0.982899 47.501648
-0.647577 47.685830
-0.311225 47.794267
0.025624 47.826789
0.362435 47.783341
0.698672 47.663993
1.033802 47.468934
1.367292 47.198473
1.698612 46.853039
2.027236 46.433181
2.352642 45.939565
2.674314 45.372974
2.991739 44.734308
3.304415 44.024582
3.611843 43.244921
3.913537 42.396563
4.209016 41.480857
4.497812 40.499256
4.779465 39.453319
5.053528 38.344706
5.319566 37.175178
5.577156 35.946594
5.825888 34.660902
6.065369 33.320147
6.295216 31.926456
6.515066 30.482043
6.724568 28.989203
6.923391 27.450306
7.111217 25.867796
7.287749 24.244187
7.452706 22.582057
7.605827 20.884047
7.746867 19.152853
7.875602 17.391224
7.991829 15.601960
8.095362 13.787901
8.186037 11.951930
8.263710 10.096962
8.328257 8.225943
8.379576 6.341846
8.417585 4.447663
8.442223 2.546403
8.453452 0.641086
8.451253 -1.265263
8.435630 -3.169614
8.406608 -5.068942
8.364232 -6.960232
8.308570 -8.840478
8.239710 -10.706695
8.157762 -12.555916
8.062855 -14.385206
7.955140 -16.191658
7.834789 -17.972403
7.701991 -19.724612
7.556959 -21.445502
7.399923 -23.132338
7.231131 -24.782441
7.050852 -26.393191
6.859372 -27.962027
6.656995 -29.486459
6.444043 -30.964063
6.220854 -32.392494
5.987781 -33.769480
5.745197 -35.092836
5.493484 -36.360459
5.233045 -37.570334
4.964291 -38.720539
4.687650 -39.809248
4.403561 -40.834730
4.112476 -41.795356
3.814857 -42.689600
3.511175 -43.516041
3.201915 -44.273365
2.887567 -44.960370
2.568630 -45.575964
2.245611 -46.119167
1.919023 -46.589118
1.589384 -46.985069
1.257219 -47.306390
0.923054 -47.552572
0.587421 -47.723221
0.250853 -47.818067
-0.086116 -47.836958
-0.422950 -47.779865
-0.759115 -47.646877
-1.094076 -47.438204
-1.427301 -47.154179
-1.758262 -46.795251
-2.086432 -46.361990
-2.411289 -45.855084
-2.732319 -45.275337
-3.049011 -44.623671
-3.360862 -43.901119
-3.667376 -43.108829
-3.968067 -42.248059
-4.262458 -41.320176
-4.550079 -40.326653
-4.830475 -39.269068
-5.103200 -38.149100
-5.367821 -36.968528
-5.623917 -35.729227
-5.871081 -34.433164
-6.108922 -33.082399
-6.337061 -31.679077
-6.555135 -30.225425
-6.762798 -28.723753
-6.959721 -27.176446
-7.145589 -25.585961
-7.320109 -23.954825
-7.483003 -22.285627
-7.634011 -20.581020
-7.772895 -18.843710
-7.899433 -17.076457
-8.013424 -15.282068
-8.114687 -13.463393
-8.203061 -11.623320
-8.278406 -9.764773
-8.340602 -7.890703
-8.389550 -6.004087
-8.425172 -4.107921
-8.447412 -2.205218
-8.456233 -0.298999
-8.451623 1.607706
-8.433588 3.511871
-8.402157 5.410470
-8.357379 7.300487
-8.299327 9.178921
-8.228091 11.042787
-8.143784 12.889124
-8.046542 14.715000
-7.936518 16.517515
-7.813886 18.293805
-7.678842 20.041048
-7.531600 21.756469
-7.372393 23.437343
-7.201475 25.080999
-7.019117 26.684828
-6.825608 28.246280
-6.621256 29.762875
-6.406386 31.232205
-6.181338 32.651934
-5.946470 34.019808
-5.702155 35.333653
-5.448781 36.591382
-5.186750 37.790996
-4.916479 38.930591
-4.638397 40.008355
-4.352945 41.022576
-4.060577 41.971643
-3.761757 42.854047
-3.456960 43.668387
-3.146670 44.413369
-2.831380 45.087808
-2.511590 45.690634
-2.187809 46.220888
-1.860550 46.677727
-1.530334 47.060425
-1.197684 47.368374
-0.863131 47.601084
-0.527204 47.758185
-0.190437 47.839428
0.146634 47.844682
0.483475 47.773938
0.819550 47.627309
1.154325 47.405027
1.487269 47.107444
1.817853 46.735033
2.145551 46.288385
2.469844 45.768208
2.790215 45.175329
3.106157 44.510689
3.417166 43.775343
3.722750 42.970458
4.022423 42.097313
4.315708 41.157294
4.602140 40.151894
4.881264 39.082709
5.152636 37.951438
5.415825 36.759876
5.670414 35.509916
5.915997 34.203544
6.152185 32.842833
6.378602 31.429945
6.594888 29.967124
6.800701 28.456693
6.995713 26.901051
7.179613 25.302669
7.352111 23.664085
7.512932 21.987902
7.661820 20.276781
7.798538 18.533442
7.922871 16.760652
8.034619 14.961227
8.133606 13.138027
8.219673 11.293945
8.292686 9.431912
8.352526 7.554884
8.399099 5.665844
8.432332 3.767792
8.452170 1.863743
8.458583 -0.043279
8.451560 -1.950245
8.431113 -3.854126
8.397273 -5.751898
8.350095 -7.640545
8.289653 -9.517068
8.216043 -11.378487
8.129383 -13.221844
8.029808 -15.044211
7.917479 -16.842694
7.792572 -18.614435
7.655287 -20.356620
7.505841 -22.066482
7.344471 -23.741305
7.171435 -25.378427
6.987006 -26.975248
6.791477 -28.529232
6.585160 -30.037910
6.368381 -31.498885
6.141485 -32.909836
5.904832 -34.268521
5.658799 -35.572783
5.403775 -36.820549
5.140166 -38.009836
4.868391 -39.138756
4.588881 -40.205515
4.302080 -41.208417
4.008443 -42.145870
3.708438 -43.016383
3.402540 -43.818574
3.091235 -44.551169
2.775018 -45.213002
2.454392 -45.803022
2.129864 -46.320292
1.801951 -46.763989
1.471174 -47.133408
1.138058 -47.427962
0.803132 -47.647182
0.466928 -47.790720
0.129980 -47.858348
-0.207177 -47.849957
-0.544006 -47.765559
-0.879974 -47.605290
-1.214546 -47.369403
-1.547191 -47.058271
-1.877381 -46.672389
-2.204591 -46.212369
-2.528301 -45.678942
-2.847998 -45.072954
-3.163172 -44.395367
-3.473325 -43.647257
-3.777962 -42.829813
-4.076600 -41.944331
-4.368765 -40.992218
-4.653992 -39.974986
-4.931829 -38.894250
-5.201834 -37.751727
-5.463578 -36.549231
-5.716645 -35.288672
-5.960633 -33.972051
-6.195155 -32.601459
-6.419838 -31.179074
-6.634325 -29.707154
-6.838275 -28.188037
-7.031365 -26.624135
-7.213287 -25.017933
-7.383753 -23.371981
-7.542491 -21.688895
-7.689250 -19.971346
-7.823795 -18.222063
-7.945915 -16.443824
-8.055413 -14.639453
-8.152117 -12.811818
-8.235873 -10.963820
-8.306547 -9.098394
-8.364028 -7.218504
-8.408223 -5.327136
-8.439063 -3.427294
-8.456498 -1.521995
-8.460500 0.385734
-8.451064 2.292862
-8.428205 4.196361
-8.391957 6.093207
-8.342379 7.980387
-8.279550 9.854903
-8.203569 11.713778
-8.114557 13.554058
-8.012654 15.372821
-7.898024 17.167178
-7.770848 18.934278
-7.631327 20.671313
-7.479684 22.375526
-7.316158 24.044207
-7.141011 25.674708
-6.954520 27.264437
-6.756980 28.810869
-6.548707 30.311547
-6.330030 31.764088
-6.101296 33.166184
-5.862870 34.515607
-5.615130 35.810214
-5.358469 37.047948
-5.093294 38.226842
-4.820028 39.345023
-4.539104 40.400716
-4.250967 41.392242
-3.956077 42.318027
-3.654901 43.176599
-3.347917 43.966594
-3.035613 44.686756
-2.718486 45.335942
-2.397038 45.913120
-2.071780 46.417373
-1.743230 46.847898
-1.411909 47.204013
-1.078342 47.485150
-0.743061 47.690862
-0.406597 47.820823
-0.069485 47.874825
0.267740 47.852782
0.604541 47.754728
0.940384 47.580820
1.274736 47.331332
1.607066 47.006660
1.936844 46.607320
2.263549 46.133946
2.586660 45.587288
2.905665 44.968215
3.220056 44.277710
3.529334 43.516868
3.833009 42.686899
4.130597 41.789119
4.421625 40.824955
4.705633 39.795937
4.982168 38.703700
5.250790 37.549978
5.511074 36.336604
5.762606 35.065504
6.004986 33.738696
6.237830 32.358289
6.460766 30.926474
6.673442 29.445526
6.875518 27.917796
7.066675 26.345711
7.246608 24.731767
7.415032 23.078528
7.571679 21.388621
7.716300 19.664728
7.848665 17.909588
7.968564 16.125988
8.075806 14.316762
8.170221 12.484783
8.251659 10.632961
8.319991 8.764237
8.375107 6.881580
8.416920 4.987979
8.445365 3.086443
8.460394 1.179992
8.461985 -0.728346
8.450135 -2.635539
8.424863 -4.538559
8.386208 -6.434382
8.334232 -8.319997
8.269017 -10.192408
8.190667 -12.048643
8.099307 -13.885751
7.995081 -15.700814
7.878154 -17.490951
7.748714 -19.253316
7.606964 -20.985110
7.453130 -22.683582
7.287456 -24.346035
7.110206 -25.969827
6.921660 -27.552378
6.722119 -29.091175
6.511899 -30.583773
6.291334 -32.027802
6.060774 -33.420966
5.820586 -34.761052
5.571151 -36.045933
5.312864 -37.273566
5.046137 -38.442001
4.771393 -39.549381
4.489068 -40.593948
4.199611 -41.574041
3.903481 -42.488104
3.601148 -43.334684
3.293094 -44.112436
2.979807 -44.820124
2.661784 -45.456623
2.339531 -46.020923
2.013561 -46.512125
1.684389 -46.929451
1.352540 -47.272235
1.018540 -47.539933
0.682921 -47.732120
0.346214 -47.848489
0.008955 -47.888856
-0.328320 -47.853156
-0.665076 -47.741444
-1.000778 -47.553898
-1.334892 -47.290816
-1.666889 -46.952614
-1.996239 -46.539829
-2.322421 -46.053117
-2.644916 -45.493250
-2.963212 -44.861117
-3.276803 -44.157722
-3.585192 -43.384181
-3.887887 -42.541723
-4.184409 -41.631685
-4.474287 -40.655513
-4.757059 -39.614756
-5.032277 -38.511068
-5.299503 -37.346200
-5.558313 -36.122004
-5.808296 -34.840422
-6.049055 -33.503491
-6.280207 -32.113334
-6.501384 -30.672158
-6.712237 -29.182253
-6.912428 -27.645984
-7.101642 -26.065791
-7.279576 -24.444185
-7.445948 -22.783740
-7.600494 -21.087095
-7.742968 -19.356943
-7.873144 -17.596033
-7.990816 -15.807161
-8.095795 -13.993170
-8.187915 -12.156939
-8.267030 -10.301386
-8.333014 -8.429458
-8.385763 -6.544128
-8.425191 -4.648391
-8.451237 -2.745258
-8.463859 -0.837751
-8.463037 1.071098
-8.448772 2.978259
-8.421087 4.880701
-8.380025 6.775403
-8.325653 8.659356
-8.258055 10.529566
-8.177339 12.383063
-8.083634 14.216903
-7.977088 16.028173
-7.857871 17.813995
-7.726171 19.571532
-7.582198 21.297994
-7.426180 22.990636
-7.258365 24.646771
-7.079020 26.263767
-6.888429 27.839056
-6.686896 29.370136
-6.474739 30.854573
-6.252296 32.290010
-6.019921 33.674166
-5.777982 35.004843
-5.526863 36.279926
-5.266964 37.497390
-4.998697 38.655300
-4.722488 39.751817
-4.438776 40.785199
-4.148012 41.753804
-3.850657 42.656092
-3.547184 43.490630
-3.238074 44.256093
-2.923818 44.951263
-2.604917 45.575037
-2.281875 46.126422
-1.955207 46.604543
-1.625431 47.008640
-1.293071 47.338069
-0.958655 47.592309
-0.622714 47.770953
-0.285782 47.873718
0.051607 47.900440
0.388916 47.851077
0.725609 47.725706
1.061152 47.524525
1.395011 47.247854
1.726657 46.896132
2.055563 46.469917
2.381205 45.969886
2.703067 45.396832
3.020638 44.751665
3.333413 44.035409
3.640895 43.249202
3.942595 42.394291
4.238036 41.472036
4.526746 40.483899
4.808268 39.431450
5.082154 38.316361
5.347970 37.140402
5.605292 35.905441
5.853712 34.613439
6.092836 33.266448
6.322284 31.866606
6.541691 30.416138
6.750708 28.917347
6.949003 27.372614
7.136262 25.784391
7.312187 24.155201
7.476498 22.487632
7.628934 20.784332
7.769254 19.048006
7.897233 17.281413
8.012670 15.487359
8.115379 13.668692
8.205199 11.828302
8.281986 9.969111
8.345618 8.094073
8.395994 6.206165
8.433034 4.308388
8.456679 2.403754
8.466892 0.495290
8.463656 -1.413973
8.446975 -3.321003
8.416878 -5.222771
8.373411 -7.116255
8.316642 -8.998448
8.246664 -10.866359
8.163585 -12.717023
8.067539 -14.547499
7.958678 -16.354880
7.837174 -18.136293
7.703221 -19.888911
7.557030 -21.609948
7.398836 -23.296671
7.228887 -24.946400
7.047455 -26.556514
6.854828 -28.124457
6.651311 -29.647736
6.437227 -31.123932
6.212917 -32.550699
5.978737 -33.925773
5.735059 -35.246966
5.482269 -36.512182
5.220770 -37.719409
4.950976 -38.866730
4.673316 -39.952321
4.388231 -40.974459
4.096174 -41.931519
3.797609 -42.821981
3.493009 -43.644429
3.182859 -44.397556
2.867651 -45.080167
2.547886 -45.691176
2.224072 -46.229612
1.896723 -46.694620
1.566359 -47.085460
1.233505 -47.401512
0.898690 -47.642272
0.562444 -47.807357
0.225303 -47.896506
-0.112198 -47.909576
-0.449523 -47.846545
-0.786136 -47.707513
-1.121502 -47.492701
-1.455090 -47.202449
-1.786368 -46.837218
-2.114811 -46.397588
-2.439897 -45.884255
-2.761110 -45.298036
-3.077939 -44.639861
-3.389881 -43.910775
-3.696440 -43.111935
-3.997130 -42.244610
-4.291473 -41.310178
-4.579001 -40.310121
-4.859257 -39.246029
-5.131797 -38.119590
-5.396187 -36.932594
-5.652008 -35.686926
-5.898852 -34.384563
-6.136328 -33.027576
-6.364059 -31.618117
-6.581682 -30.158427
-6.788853 -28.650823
-6.985241 -27.097699
-7.170535 -25.501523
-7.344440 -23.864829
-7.506681 -22.190217
-7.656999 -20.480346
-7.795155 -18.737933
-7.920930 -16.965745
-8.034124 -15.166597
-8.134558 -13.343345
-8.222071 -11.498887
-8.296524 -9.636152
-8.357800 -7.758099
-8.405800 -5.867710
-8.440449 -3.967988
-8.461691 -2.061951
-8.469492 -0.152626
-8.463841 1.756954
-8.444745 3.663756
-8.412235 5.564750
-8.366363 7.456918
-8.307201 9.337254
-8.234844 11.202770
-8.149406 13.050504
-8.051022 14.877521
-7.939850 16.680917
-7.816065 18.457830
-7.679864 20.205435
-7.531463 21.920957
-7.371098 23.601670
-7.199024 25.244906
-7.015513 26.848052
-6.820858 28.408563
-6.615367 29.923960
-6.399366 31.391835
-6.173200 32.809856
-5.937226 34.175770
-5.691820 35.487408
-5.437371 36.742686
-5.174284 37.939610
-4.902977 39.076277
-4.623879 40.150882
-4.337435 41.161717
-4.044099 42.107178
-3.744338 42.985760
-3.438627 43.796069
-3.127452 44.536817
-2.811308 45.206827
-2.490696 45.805033
-2.166125 46.330486
-1.838112 46.782351
-1.507177 47.159908
-1.173845 47.462558
-0.838647 47.689819
-0.502115 47.841331
-0.164782 47.916851
0.172814 47.916260
0.510138 47.839558
0.846654 47.686866
1.181827 47.458426
1.515125 47.154601
1.846019 46.775873
2.173982 46.322842
2.498495 45.796229
2.819041 45.196868
3.135111 44.525712
3.446204 43.783826
3.751824 42.972388
4.051488 42.092687
4.344717 41.146119
4.631047 40.134187
4.910024 39.058499
5.181202 37.920763
5.444153 36.722785
5.698458 35.466468
5.943713 34.153807
6.179528 32.786887
6.405529 31.367879
6.621358 29.899036
6.826670 28.382691
7.021139 26.821253
7.204458 25.217201
7.376334 23.573083
7.536494 21.891510
7.684685 20.175153
7.820670 18.426739
7.944233 16.649043
8.055178 14.844891
8.153329 13.017146
8.238530 11.168713
8.310645 9.302527
8.369560 7.421553
8.415181 5.528777
8.447435 3.627208
8.466271 1.719864
8.471660 -0.190224
8.463592 -2.100023
8.442080 -4.006498
8.407159 -5.906622
8.358883 -7.797376
8.297330 -9.675757
8.222596 -11.538781
8.134801 -13.383489
8.034084 -15.206951
7.920605 -17.006269
7.794544 -18.778587
7.656101 -20.521087
7.505496 -22.231003
7.342968 -23.905618
7.168775 -25.542272
6.983195 -27.138365
6.786520 -28.691361
6.579065 -30.198794
6.361158 -31.658268
6.133145 -33.067465
5.895389 -34.424146
5.648267 -35.726156
5.392172 -36.971427
5.127509 -38.157980
4.854701 -39.283929
4.574179 -40.347487
4.286390 -41.346963
3.991790 -42.280769
3.690848 -43.147422
3.384041 -43.945544
3.071857 -44.673868
2.754791 -45.331235
2.433348 -45.916602
2.108037 -46.429038
1.779376 -46.867729
1.447886 -47.231976
1.114094 -47.521202
0.778530 -47.734947
0.441728 -47.872869
0.104221 -47.934751
-0.233453 -47.920492
-0.570758 -47.830115
-0.907160 -47.663764
-1.242122 -47.421701
-1.575114 -47.104311
-1.905606 -46.712098
-2.233073 -46.245684
-2.556995 -45.705809
-2.876858 -45.093331
-3.192153 -44.409221
-3.502380 -43.654567
-3.807045 -42.830566
-4.105666 -41.938527
-4.397767 -40.979865
-4.682884 -39.956105
-4.960565 -38.868870
-5.230368 -37.719889
-5.491865 -36.510984
-5.744640 -35.244078
-5.988292 -33.921180
-6.222434 -32.544393
-6.446693 -31.115902
-6.660714 -29.637978
-6.864156 -28.112965
-7.056697 -26.543288
-7.238029 -24.931439
-7.407866 -23.279977
-7.565937 -21.591526
-7.711992 -19.868768
-7.845797 -18.114438
-7.967141 -16.331324
-8.075830 -14.522257
-8.171693 -12.690111
-8.254576 -10.837795
-8.324348 -8.968252
-8.380897 -7.084452
-8.424135 -5.189386
-8.453992 -3.286065
-8.470420 -1.377512
-8.473395 0.533242
-8.462909 2.443162
-8.438982 4.349213
-8.401649 6.248368
-8.350971 8.137611
-8.287027 10.013940
-8.209920 11.874375
-8.119772 13.715961
-8.016725 15.535773
-7.900944 17.330919
-7.772612 19.098548
-7.631933 20.835852
-7.479131 22.540071
-7.314447 24.208499
-7.138144 25.838484
-6.950501 27.427438
-6.751817 28.972835
-6.542407 30.472222
-6.322604 31.923216
-6.092756 33.323513
-5.853228 34.670886
-5.604402 35.963197
-5.346672 37.198391
-5.080447 38.374507
-4.806151 39.489676
-4.524219 40.542126
-4.235099 41.530185
-3.939249 42.452284
-3.637141 43.306956
-3.329253 44.092844
-3.016075 44.808700
-2.698104 45.453385
-2.375846 46.025875
-2.049811 46.525261
-1.720518 46.950749
-1.388490 47.301662
-1.054255 47.577442
-0.718343 47.777651
-0.381287 47.901971
-0.043624 47.950202
0.294111 47.922270
0.631381 47.818216
0.967650 47.638206
1.302385 47.382526
1.635053 47.051581
1.965126 46.645896
2.292079 46.166115
2.615394 45.613000
2.934557 44.987428
3.249061 44.290394
3.558405 43.523003
3.862100 42.686475
4.159662 41.782137
4.450618 40.811425
4.734507 39.775882
5.010878 38.677151
5.279291 37.516977
5.539320 36.297203
5.790552 35.019766
6.032588 33.686694
6.265043 32.300105
6.487548 30.862201
6.699749 29.375265
6.901310 27.841659
7.091911 26.263819
7.271247 24.644251
7.439035 22.985526
7.595008 21.290280
7.738917 19.561205
7.870535 17.801048
7.989652 16.012603
8.096079 14.198712
8.189647 12.362255
8.270207 10.506150
8.337630 8.633344
8.391811 6.746813
8.432662 4.849553
8.460119 2.944577
8.474137 1.034911
8.474696 -0.876411
8.461793 -2.786353
8.435449 -4.691882
8.395706 -6.589971
8.342626 -8.477605
8.276295 -10.351785
8.196817 -12.209535
8.104319 -14.047903
7.998947 -15.863969
7.880868 -17.654848
7.750271 -19.417696
7.607362 -21.149711
7.452369 -22.848144
7.285537 -24.510295
7.107131 -26.133525
6.917435 -27.715254
6.716750 -29.252971
6.505395 -30.744231
6.283705 -32.186666
6.052033 -33.577985
5.810745 -34.915978
5.560227 -36.198517
5.300874 -37.423567
5.033100 -38.589181
4.757330 -39.693506
4.474001 -40.734789
4.183564 -41.711374
3.886479 -42.621711
3.583220 -43.464353
3.274266 -44.237961
2.960110 -44.941305
2.641249 -45.573268
2.318192 -46.132846
1.991449 -46.619150
1.661542 -47.031406
1.328993 -47.368958
0.994331 -47.631272
0.658087 -47.817929
0.320795 -47.928632
-0.017008 -47.963205
-0.354786 -47.921592
-0.692003 -47.803860
-1.028123 -47.610194
-1.362612 -47.340903
-1.694939 -46.996412
-2.024576 -46.577269
-2.350999 -46.084139
-2.673690 -45.517805
-2.992136 -44.879165
-3.305831 -44.169235
-3.614278 -43.389141
-3.916985 -42.540121
-4.213473 -41.623525
-4.503269 -40.640806
-4.785915 -39.593527
-5.060960 -38.483350
-5.327969 -37.312037
-5.586516 -36.081450
-5.836191 -34.793543
-6.076597 -33.450360
-6.307353 -32.054035
-6.528091 -30.606786
-6.738462 -29.110910
-6.938130 -27.568785
-7.126779 -25.982859
-7.304109 -24.355651
-7.469839 -22.689745
-7.623704 -20.987787
-7.765460 -19.252481
-7.894883 -17.486582
-8.011766 -15.692896
-8.115924 -13.874271
-8.207191 -12.033596
-8.285422 -10.173794
-8.350493 -8.297820
-8.402300 -6.408653
-8.440761 -4.509295
-8.465815 -2.602761
-8.477422 -0.692080
-8.475563 1.219713
-8.460242 3.129580
-8.431482 5.034489
-8.389329 6.931414
-8.333850 8.817341
-8.265133 10.689275
-8.183287 12.544242
-8.088442 14.379296
-7.980749 16.191522
-7.860378 17.978040
-7.727521 19.736014
-7.582388 21.462650
-7.425211 23.155206
-7.256238 24.810992
-7.075738 26.427380
-6.883997 28.001800
-6.681321 29.531752
-6.468030 31.014805
-6.244464 32.448603
-6.010978 33.830869
-5.767943 35.159406
-5.515744 36.432104
-5.254782 37.646941
-4.985471 38.801987
-4.708240 39.895407
-4.423528 40.925463
-4.131788 41.890519
-3.833483 42.789042
-3.529087 43.619604
-3.219083 44.380885
-2.903964 45.071675
-2.584230 45.690878
-2.260389 46.237508
-1.932955 46.710697
-1.602450 47.109694
-1.269396 47.433862
-0.934324 47.682689
-0.597766 47.855776
-0.260256 47.952850
0.077670 47.973755
0.415474 47.918458
0.752621 47.787046
1.088574 47.579728
1.422801 47.296831
1.754769 46.938805
2.083953 46.506219
2.409829 45.999758
2.731878 45.420227
3.049591 44.768546
3.362462 44.045749
3.669993 43.252985
3.971698 42.391511
4.267095 41.462697
4.555717 40.468016
4.837104 39.409048
5.110809 38.287476
5.376399 37.105079
5.633450 35.863736
5.881554 34.565419
6.120318 33.212188
6.349361 31.806194
6.568321 30.349669
6.776849 28.844927
6.974613 27.294357
7.161301 25.700421
7.336614 24.065652
7.500275 22.392647
7.652024 20.684061
7.791619 18.942609
7.918838 17.171057
8.033480 15.372218
8.135362 13.548950
8.224323 11.704149
8.300220 9.840744
8.362934 7.961696
8.412364 6.069990
8.448432 4.168629
8.471081 2.260634
8.480274 0.349035
8.475997 -1.563130
8.458256 -3.472825
8.427081 -5.377016
8.382519 -7.272679
8.324642 -9.156802
8.253542 -11.026392
8.169331 -12.878481
8.072143 -14.710125
7.962133 -16.518415
7.839474 -18.300479
7.704363 -20.053486
7.557013 -21.774651
7.397658 -23.461240
7.226551 -25.110574
7.043965 -26.720032
6.850189 -28.287059
6.645530 -29.809164
6.430315 -31.283929
6.204883 -32.709013
5.969595 -34.082150
5.724822 -35.401159
5.470955 -36.663945
5.208396 -37.868502
4.937561 -39.012915
4.658883 -40.095368
4.372802 -41.114139
4.079773 -42.067610
3.780262 -42.954267
3.474745 -43.772700
3.163706 -44.521609
2.847640 -45.199803
2.527048 -45.806207
2.202440 -46.339854
1.874332 -46.799898
1.543245 -47.185608
1.209704 -47.496369
0.874239 -47.731688
0.537383 -47.891191
0.199672 -47.974623
-0.138359 -47.981853
-0.476172 -47.912867
-0.813231 -47.767774
-1.149001 -47.546806
-1.482948 -47.250312
-1.814541 -46.878763
-2.143254 -46.432748
-2.468565 -45.912976
-2.789957 -45.320271
-3.106920 -44.655574
-3.418949 -43.919942
-3.725550 -43.114541
-4.026235 -42.240651
-4.320527 -41.299660
-4.607958 -40.293061
-4.888071 -39.222454
-5.160422 -38.089537
-5.424578 -36.896111
-5.680119 -35.644071
-5.926639 -34.335405
-6.163747 -32.972191
-6.391066 -31.556595
-6.608235 -30.090864
-6.814908 -28.577327
-7.010758 -27.018387
-7.195473 -25.416520
-7.368760 -23.774270
-7.530344 -22.094247
-7.679967 -20.379117
-7.817392 -18.631606
-7.942400 -16.854488
-8.054794 -15.050587
-8.154394 -13.222767
-8.241042 -11.373932
-8.314601 -9.507018
-8.374952 -7.624990
-8.422002 -5.730839
-8.455674 -3.827572
-8.475915 -1.918213
-8.482692 -0.005795
-8.475996 1.906645
-8.455836 3.816069
-8.422245 5.719445
-8.375276 7.613747
-8.315002 9.495969
-8.241521 11.363119
-8.154948 13.212232
-8.055421 15.040371
-7.943098 16.844631
-7.818158 18.622147
-7.680798 20.370094
-7.531237 22.085697
-7.369712 23.766230
-7.196480 25.409023
-7.011815 27.011467
-6.816012 28.571016
-6.609381 30.085192
-6.392250 31.551590
-6.164964 32.967881
-5.927884 34.331814
-5.681386 35.641223
-5.425862 36.894027
-5.161718 38.088236
-4.889374 39.221954
-4.609261 40.293377
-4.321825 41.300805
-4.027522 42.242637
-3.726820 43.117375
-3.420196 43.923631
-3.108138 44.660123
-2.791140 45.325681
-2.469707 45.919247
-2.144349 46.439878
-1.815582 46.886747
-1.483930 47.259142
-1.149918 47.556473
-0.814077 47.778266
-0.476942 47.924169
-0.139046 47.993949
0.199073 47.987495
0.536878 47.904816
0.873832 47.746044
1.209400 47.511431
1.543050 47.201347
1.874251 46.816287
2.202476 46.356859
2.527206 45.823795
2.847923 45.217940
3.164119 44.540255
3.475291 43.791818
3.780945 42.973816
4.080595 42.087548
4.373765 41.134422
4.659990 40.115951
4.938815 39.033752
5.209796 37.889544
5.472504 36.685144
5.726522 35.422465
5.971444 34.103512
6.206884 32.730379
6.432465 31.305248
6.647831 29.830382
6.852638 28.308123
7.046562 26.740889
7.229295 25.131168
7.400545 23.481519
7.560041 21.794560
7.707530 20.072971
7.842777 18.319486
7.965568 16.536891
8.075706 14.728017
8.173018 12.895736
8.257348 11.042960
8.328562 9.172631
8.386548 7.287719
8.431213 5.391219
8.462486 3.486143
8.480317 1.575517
8.484677 -0.337624
8.475561 -2.250241
8.452982 -4.159296
8.416976 -6.061758
8.367599 -7.954603
8.304932 -9.834825
8.229072 -11.699438
8.140140 -13.545480
8.038278 -15.370017
7.923647 -17.170153
7.796430 -18.943027
7.656827 -20.685823
7.505061 -22.395773
7.341373 -24.070161
7.166023 -25.706325
6.979289 -27.301668
6.781468 -28.853656
6.572874 -30.359821
6.353837 -31.817773
6.124707 -33.225193
5.885847 -34.579848
5.637636 -35.879584
5.380468 -37.122337
5.114753 -38.306133
4.840911 -39.429090
4.559378 -40.489424
4.270601 -41.485451
3.975038 -42.415589
3.673160 -43.278358
3.365445 -44.072390
3.052382 -44.796421
2.734469 -45.449301
2.412210 -46.029993
2.086117 -46.537574
1.756709 -46.971237
1.424508 -47.330293
1.090043 -47.614171
0.753843 -47.822420
0.416444 -47.954708
0.078381 -48.010824
-0.259808 -47.990680
-0.597587 -47.894306
-0.934419 -47.721856
-1.269769 -47.473602
-1.603104 -47.149938
-1.933895 -46.751378
-2.261616 -46.278555
-2.585747 -45.732219
-2.905773 -45.113238
-3.221186 -44.422594
-3.531484 -43.661383
-3.836174 -42.830815
-4.134773 -41.932209
-4.426807 -40.966990
-4.711810 -39.936693
-4.989331 -38.842952
-5.258929 -37.687505
-5.520175 -36.472187
-5.772655 -35.198929
-6.015967 -33.869751
-6.249724 -32.486765
-6.473556 -31.052167
-6.687107 -29.568236
-6.890037 -28.037329
-7.082024 -26.461876
-7.262763 -24.844381
-7.431967 -23.187411
-7.589367 -21.493600
-7.734713 -19.765637
-7.867774 -18.006266
-7.988339 -16.218282
-8.096215 -14.404524
-8.191232 -12.567875
-8.273239 -10.711250
-8.342105 -8.837600
-8.397720 -6.949899
-8.439997 -5.051146
-8.468868 -3.144358
-8.484286 -1.232563
-8.486229 0.681203
-8.474691 2.593900
-8.449693 4.502488
-8.411272 6.403938
-8.359490 8.295227
-8.294430 10.173353
-8.216195 12.035332
-8.124908 13.878206
-8.020714 15.699047
-7.903780 17.494964
-7.774291 19.263103
-7.632451 21.000656
-7.478488 22.704862
-7.312644 24.373015
-7.135184 26.002464
-6.946389 27.590621
-6.746559 29.134963
-6.536011 30.633037
-6.315080 32.082462
-6.084116 33.480937
-5.843487 34.826239
-5.593574 36.116231
-5.334775 37.348863
-5.067500 38.522179
-4.792174 39.634312
-4.509235 40.683497
-4.219131 41.668067
-3.922323 42.586456
-3.619283 43.437207
-3.310492 44.218966
-2.996441 44.930493
-2.677628 45.570656
-2.354559 46.138437
-2.027749 46.632935
-1.697715 47.053364
-1.364983 47.399055
-1.030080 47.669459
-0.693539 47.864145
-0.355894 47.982805
-0.017681 48.025248
0.320561 47.991407
0.658297 47.881336
0.994990 47.695209
1.330104 47.433320
1.663107 47.096085
1.993471 46.684040
2.320671 46.197839
2.644187 45.638252
2.963505 45.006170
3.278117 44.302594
3.587525 43.528643
3.891236 42.685545
4.188768 41.774639
4.479649 40.797372
4.763416 39.755294
5.039618 38.650062
5.307818 37.483430
5.567588 36.257251
5.818516 34.973472
6.060203 33.634132
6.292266 32.241358
6.514336 30.797363
6.726060 29.304439
6.927101 27.764957
7.117141 26.181363
7.295876 24.556171
7