19.878159 0.000000
19.866555 -1.658218
19.829522 -3.393438
19.767077 -5.124461
19.679298 -6.849069
19.566297 -8.565052
19.428215 -10.270210
19.265227 -11.962358
19.077540 -13.639327
18.865392 -15.298965
18.629053 -16.939146
18.368824 -18.557765
18.085036 -20.152748
17.778050 -21.722047
17.448257 -23.263651
17.096080 -24.775582
16.721966 -26.255899
16.326393 -27.702703
15.909866 -29.114138
15.472917 -30.488391
15.016105 -31.823699
14.540012 -33.118348
14.045246 -34.370674
13.532442 -35.579070
13.002253 -36.741984
12.455358 -37.857921
11.892455 -38.925447
11.314266 -39.943191
10.721528 -40.909843
10.115002 -41.824162
9.495461 -42.684970
8.863700 -43.491160
8.220527 -44.241695
7.566764 -44.935607
6.903248 -45.572003
6.230829 -46.150063
5.550368 -46.669040
4.862736 -47.128265
4.168813 -47.527143
3.469487 -47.865159
2.765655 -48.141873
2.058218 -48.356927
1.348082 -48.510039
0.636156 -48.601007
-0.076647 -48.629710
-0.789414 -48.596105
-1.501231 -48.500230
-2.211188 -48.342203
-2.918373 -48.122219
-3.621881 -47.840557
-4.320809 -47.497571
-5.014262 -47.093696
-5.701351 -46.629443
-6.381194 -46.105402
-7.052921 -45.522240
-7.715669 -44.880698
-8.368589 -44.181594
-9.010843 -43.425818
-9.641608 -42.614334
-10.260073 -41.748176
-10.865447 -40.828449
-11.456951 -39.856328
-12.033826 -38.833054
-12.595333 -37.759932
-13.140750 -36.638334
-13.669378 -35.469693
-14.180537 -34.255502
-14.673570 -32.997312
-15.147846 -31.696732
-15.602753 -30.355425
-16.037708 -28.975106
-16.452152 -27.557540
-16.845551 -26.104540
-17.217400 -24.617965
-17.567221 -23.099716
-17.894563 -21.551737
-18.199005 -19.976007
-18.480155 -18.374545
-18.737650 -16.749399
-18.971159 -15.102649
-19.180381 -13.436404
-19.365044 -11.752798
-19.524911 -10.053985
-19.659774 -8.342141
-19.769458 -6.619459
-19.853821 -4.888145
-19.912752 -3.150416
-19.946174 -1.408499
-19.954042 0.335375
-19.936342 2.078972
-19.893096 3.820058
-19.824357 5.556401
-19.730211 7.285776
-19.610775 9.005966
-19.466202 10.714768
-19.296673 12.409990
-19.102405 14.089458
-18.883643 15.751021
-18.640666 17.392546
-18.373783 19.011929
-18.083335 20.607094
-17.769690 22.175994
-17.433249 23.716616
-17.074442 25.226984
-16.693725 26.705161
-16.291585 28.149248
-15.868535 29.557394
-15.425115 30.927790
-14.961892 32.258678
-14.479458 33.548348
-13.978429 34.795145
-13.459445 35.997467
-12.923170 37.153770
-12.370290 38.262568
-11.801510 39.322436
-11.217560 40.332012
-10.619185 41.289999
-10.007152 42.195163
-9.382242 43.046341
-8.745257 43.842437
-8.097010 44.582427
-7.438332 45.265356
-6.770065 45.890347
-6.093065 46.456591
-5.408199 46.963359
-4.716344 47.409997
-4.018385 47.795926
-3.315216 48.120647
-2.607738 48.383739
-1.896857 48.584858
-1.183483 48.723743
-0.468530 48.800208
0.247085 48.814152
0.962447 48.765551
1.676637 48.654461
2.388742 48.481019
3.097848 48.245443
3.803047 47.948028
4.503435 47.589150
5.198113 47.169264
5.886192 46.688903
6.566789 46.148676
7.239031 45.549271
7.902056 44.891450
8.555014 44.176052
9.197067 43.403987
9.827393 42.576241
10.445181 41.693868
11.049639 40.757995
11.639993 39.769817
12.215483 38.730594
12.775372 37.641654
13.318940 36.504388
13.845490 35.320249
14.354345 34.090750
14.844853 32.817462
15.316382 31.502014
15.768327 30.146086
16.200107 28.751413
16.611168 27.319779
17.000981 25.853014
17.369043 24.352995
17.714883 22.821641
18.038054 21.260911
18.338142 19.672803
18.614758 18.059349
18.867547 16.422614
19.096183 14.764694
19.300370 13.087710
19.479846 11.393811
19.634377 9.685164
19.763763 7.963958
19.867838 6.232398
19.946464 4.492700
19.999540 2.747094
20.026994 0.997816
20.028790 -0.752894
20.004922 -2.502792
19.955420 -4.249636
19.880344 -5.991188
19.779789 -7.725215
19.653880 -9.449495
19.502778 -11.161818
19.326673 -12.859989
19.125789 -14.541831
18.900382 -16.205186
18.650737 -17.847923
18.377173 -19.467935
18.080038 -21.063143
17.759710 -22.631502
17.416599 -24.171000
17.051142 -25.679662
16.663805 -27.155552
16.255082 -28.596776
15.825495 -30.001484
15.375594 -31.367873
14.905952 -32.694190
14.417170 -33.978730
13.909872 -35.219846
13.384707 -36.415941
12.842346 -37.565481
12.283482 -38.666988
11.708830 -39.719047
11.119126 -40.720304
10.515123 -41.669474
9.897593 -42.565334
9.267328 -43.406733
8.625134 -44.192587
7.971831 -44.921885
7.308258 -45.593688
6.635262 -46.207129
5.953705 -46.761418
5.264460 -47.255839
4.568409 -47.689754
3.866444 -48.062600
3.159464 -48.373895
2.448374 -48.623236
1.734084 -48.810296
1.017510 -48.934831
0.299569 -48.996675
-0.418818 -48.995745
-1.136731 -48.932035
-1.853250 -48.805622
-2.567458 -48.616663
-3.278438 -48.365393
-3.985279 -48.052131
-4.687076 -47.677270
-5.382928 -47.241287
-6.071944 -46.744735
-6.753240 -46.188244
-7.425943 -45.572523
-8.089189 -44.898355
-8.742129 -44.166600
-9.383924 -43.378188
-10.013751 -42.534127
-10.630803 -41.635492
-11.234286 -40.683430
-11.823428 -39.679156
-12.397472 -38.623953
-12.955681 -37.519168
-13.497339 -36.366213
-14.021749 -35.166560
-14.528239 -33.921742
-15.016157 -32.633352
-15.484878 -31.303035
-15.933799 -29.932492
-16.362342 -28.523477
-16.769958 -27.077791
-17.156121 -25.597283
-17.520336 -24.083848
-17.862134 -22.539421
-18.181074 -20.965980
-18.476747 -19.365536
-18.748770 -17.740140
-18.996794 -16.091870
-19.220499 -14.422838
-19.419596 -12.735179
-19.593828 -11.031056
-19.742969 -9.312649
-19.866825 -7.582159
-19.965237 -5.841804
-20.038076 -4.093810
-20.085246 -2.340419
-20.106684 -0.583876
-20.102361 1.173569
-20.072280 2.929664
-20.016478 4.682158
-19.935023 6.428807
-19.828018 8.167370
-19.695598 9.895620
-19.537929 11.611342
-19.355213 13.312336
-19.147680 14.996421
-18.915595 16.661438
-18.659253 18.305252
-18.378980 19.925755
-18.075133 21.520868
-17.748099 23.088545
-17.398296 24.626776
-17.026170 26.133586
-16.632195 27.607042
-16.216874 29.045254
-15.780738 30.446375
-15.324344 31.808607
-14.848275 33.130201
-14.353139 34.409460
-13.839568 35.644741
-13.308220 36.834458
-12.759773 37.977082
-12.194929 39.071145
-11.614410 40.115241
-11.018959 41.108028
-10.409336 42.048230
-9.786323 42.934636
-9.150716 43.766106
-8.503328 44.541571
-7.844989 45.260032
-7.176540 45.920563
-6.498837 46.522312
-5.812747 47.064504
-5.119150 47.546439
-4.418933 47.967494
-3.712993 48.327124
-3.002233 48.624863
-2.287565 48.860324
-1.569903 49.033200
-0.850167 49.143264
-0.129278 49.190369
0.591839 49.174450
1.312261 49.095521
2.031064 48.953678
2.747328 48.749098
3.460134 48.482036
4.168569 48.152830
4.871724 47.761897
5.568699 47.309730
6.258599 46.796906
6.940540 46.224075
7.613648 45.591966
8.277059 44.901383
8.929922 44.153208
9.571401 43.348393
10.200671 42.487964
10.816926 41.573020
11.419375 40.604727
12.007245 39.584322
12.579781 38.513108
13.136248 37.392452
13.675933 36.223787
14.198141 35.008606
14.702202 33.748461
15.187469 32.444963
15.653319 31.099780
16.099152 29.714630
16.524397 28.291285
16.928505 26.831565
17.310958 25.337338
17.671263 23.810516
18.008958 22.253051
18.323606 20.666936
18.614804 19.054203
18.882176 17.416913
19.125376 15.757165
19.344093 14.077081
19.538042 12.378813
19.706974 10.664535
19.850670 8.936443
19.968944 7.196750
20.061641 5.447683
20.128641 3.691483
20.169855 1.930400
20.185229 0.166690
20.174741 -1.597388
20.138401 -3.359574
20.076255 -5.117609
19.988379 -6.869240
19.874884 -8.612222
19.735913 -10.344322
19.571641 -12.063319
19.382278 -13.767009
19.168064 -15.453208
18.929270 -17.119753
18.666201 -18.764509
18.379192 -20.385365
18.068607 -21.980242
17.734845 -23.547095
17.378329 -25.083913
16.999514 -26.588725
16.598885 -28.059600
16.176952 -29.494651
15.734255 -30.892034
15.271358 -32.249957
14.788853 -33.566677
14.287357 -34.840501
13.767511 -36.069795
13.229978 -37.252980
12.675447 -38.388535
12.104625 -39.475001
11.518245 -40.510982
10.917054 -41.495146
10.301823 -42.426228
9.673337 -43.303029
9.032403 -44.124422
8.379839 -44.889349
7.716480 -45.596826
7.043177 -46.245940
6.360790 -46.835855
5.670193 -47.365810
4.972271 -47.835120
4.267916 -48.243180
3.558032 -48.589460
2.843526 -48.873512
2.125315 -49.094966
1.404317 -49.253533
0.681457 -49.349004
-0.042339 -49.381252
-0.766144 -49.350229
-1.489031 -49.255971
-2.210072 -49.098591
-2.928346 -48.878287
-3.642929 -48.595335
-4.352908 -48.250092
-5.057371 -47.842995
-5.755415 -47.374560
-6.446146 -46.845383
-7.128678 -46.256135
-7.802135 -45.607567
-8.465654 -44.900504
-9.118384 -44.135848
-9.759487 -43.314573
-10.388141 -42.437726
-11.003540 -41.506426
-11.604893 -40.521862
-12.191429 -39.485291
-12.762396 -38.398035
-13.317059 -37.261485
-13.854708 -36.077091
-14.374651 -34.846368
-14.876221 -33.570887
-15.358774 -32.252281
-15.821690 -30.892233
-16.264373 -29.492484
-16.686255 -28.054823
-17.086794 -26.581090
-17.465474 -25.073169
-17.821808 -23.532989
-18.155338 -21.962522
-18.465634 -20.363776
-18.752297 -18.738798
-19.014958 -17.089668
-19.253277 -15.418496
-19.466947 -13.727423
-19.655692 -12.018612
-19.819269 -10.294252
-19.957466 -8.556552
-20.070102 -6.807736
-20.157032 -5.050044
-20.218142 -3.285728
-20.253352 -1.517048
-20.262614 0.253731
-20.245913 2.024339
-20.203270 3.792508
-20.134736 5.555972
-20.040397 7.312471
-19.920371 9.059754
-19.774811 10.795582
-19.603900 12.517728
-19.407856 14.223986
-19.186926 15.912167
-18.941393 17.580107
-18.671569 19.225667
-18.377796 20.846737
-18.060450 22.441237
-17.719935 24.007122
-17.356686 25.542383
-16.971165 27.045050
-16.563865 28.513195
-16.135306 29.944934
-15.686035 31.338429
-15.216626 32.691891
-14.727678 34.003583
-14.219817 35.271820
-13.693691 36.494973
-13.149974 37.671471
-12.589359 38.799803
-12.012565 39.878518
-11.420328 40.906231
-10.813407 41.881620
-10.192577 42.803430
-9.558633 43.670475
-8.912386 44.481641
-8.254662 45.235882
-7.586305 45.932228
-6.908168 46.569780
-6.221121 47.147718
-5.526042 47.665294
-4.823822 48.121842
-4.115360 48.516770
-3.401563 48.849567
-2.683345 49.119801
-1.961626 49.327120
-1.237331 49.471254
-0.511386 49.552012
0.215276 49.569285
0.941727 49.523045
1.667034 49.413347
2.390269 49.240325
3.110504 49.004195
3.826817 48.705254
4.538289 48.343880
5.244008 47.920531
5.943069 47.435743
6.634576 46.890133
7.317643 46.284393
7.991394 45.619296
8.654963 44.895687
9.307501 44.114490
9.948170 43.276700
10.576148 42.383385
11.190630 41.435685
11.790826 40.434811
12.375968 39.382039
12.945302 38.278714
13.498100 37.126245
14.033650 35.926105
14.551266 34.679827
15.050282 33.389005
15.530057 32.055288
15.989975 30.680381
16.429445 29.266042
16.847903 27.814081
17.244809 26.326355
17.619654 24.804766
17.971955 23.251261
18.301259 21.667828
18.607142 20.056493
18.889210 18.419319
19.147100 16.758401
19.380478 15.075865
19.589045 13.373864
19.772530 11.654579
19.930696 9.920211
20.063338 8.172979
20.170284 6.415123
20.251395 4.648894
20.306565 2.876554
20.335720 1.100373
20.338821 -0.677374
20.315862 -2.454407
20.266870 -4.228451
20.191905 -5.997232
20.091062 -7.758483
19.964466 -9.509947
19.812279 -11.249379
19.634692 -12.974548
19.431932 -14.683244
19.204255 -16.373275
18.951952 -18.042475
18.675343 -19.688702
18.374781 -21.309845
18.050649 -22.903825
17.703359 -24.468598
17.333356 -26.002155
16.941111 -27.502529
16.527125 -28.967795
16.091925 -30.396071
15.636069 -31.785526
15.160139 -33.134374
14.664741 -34.440884
14.150511 -35.703379
13.618104 -36.920237
13.068201 -38.089894
12.501506 -39.210848
11.918743 -40.281659
11.320657 -41.300949
10.708013 -42.267409
10.081596 -43.179795
9.442206 -44.036934
8.790662 -44.837723
8.127797 -45.581129
7.454460 -46.266197
6.771513 -46.892043
6.079829 -47.457860
5.380295 -47.962918
4.673806 -48.406563
3.961267 -48.788224
3.243589 -49.107404
2.521693 -49.363690
1.796503 -49.556748
1.068947 -49.686325
0.339958 -49.752249
-0.389530 -49.754430
-1.118583 -49.692860
-1.846266 -49.567612
-2.571647 -49.378841
-3.293796 -49.126784
-4.011788 -48.811758
-4.724703 -48.434161
-5.431626 -47.994471
-6.131651 -47.493246
-6.823880 -46.931123
-7.507427 -46.308818
-8.181413 -45.627122
-8.844976 -44.886903
-9.497263 -44.089106
-10.137439 -43.234746
-10.764681 -42.324914
-11.378185 -41.360771
-11.977163 -40.343548
-12.560847 -39.274542
-13.128488 -38.155120
-13.679356 -36.986711
-14.212745 -35.770808
-14.727969 -34.508966
-15.224368 -33.202795
-15.701302 -31.853968
-16.158159 -30.464207
-16.594353 -29.035291
-17.009322 -27.569046
-17.402534 -26.067349
-17.773481 -24.532120
-18.121687 -22.965323
-18.446704 -21.368963
-18.748113 -19.745083
-19.025526 -18.095762
-19.278586 -16.423110
-19.506966 -14.729269
-19.710371 -13.016406
-19.888538 -11.286716
-20.041238 -9.542413
-20.168271 -7.785731
-20.269474 -6.018919
-20.344714 -4.244241
-20.393892 -2.463969
-20.416944 -0.680385
-20.413837 1.104227
-20.384573 2.887580
-20.329187 4.667389
-20.247749 6.441373
-20.140359 8.207258
-20.007154 9.962782
-19.848301 11.705694
-19.664003 13.433759
-19.454493 15.144762
-19.220037 16.836509
-18.960933 18.506831
-18.677512 20.153586
-18.370134 21.774662
-18.039192 23.367979
-17.685106 24.931494
-17.308329 26.463199
-16.909342 27.961131
-16.488654 29.423367
-16.046802 30.848029
-15.584350 32.233290
-15.101889 33.577371
-14.600035 34.878546
-14.079431 36.135144
-13.540740 37.345551
-12.984653 38.508212
-12.411880 39.621634
-11.823153 40.684385
-11.219225 41.695099
-10.600869 42.652476
-9.968876 43.555286
-9.324054 44.402367
-8.667229 45.192628
-7.999241 45.925051
-7.320946 46.598694
-6.633210 47.212688
-5.936915 47.766241
-5.232952 48.258639
-4.522223 48.689245
-3.805637 49.057502
-3.084112 49.362933
-2.358572 49.605141
-1.629947 49.783810
-0.899170 49.898706
-0.167177 49.949676
0.565094 49.936648
1.296706 49.859635
2.026719 49.718729
2.754200 49.514105
3.478215 49.246019
4.197837 48.914811
4.912142 48.520898
5.620217 48.064779
6.321151 47.547035
7.014048 46.968322
7.698018 46.329377
8.372184 45.631014
9.035681 44.874122
9.687659 44.059666
10.327281 43.188684
10.953726 42.262287
11.566191 41.281658
12.163889 40.248048
12.746054 39.162778
13.311937 38.027232
13.860814 36.842862
14.391978 35.611182
14.904747 34.333764
15.398464 33.012242
15.872494 31.648306
16.326227 30.243699
16.759081 28.800217
17.170499 27.319707
17.559952 25.804062
17.926939 24.255222
18.270988 22.675167
18.591656 21.065920
18.888531 19.429541
19.161229 17.768123
19.409399 16.083794
19.632721 14.378708
19.830907 12.655050
20.003701 10.915026
20.150878 9.160865
20.272249 7.394812
20.367655 5.619130
20.436972 3.836093
20.480108 2.047985
20.497007 0.257096
20.487644 -1.534278
20.452029 -3.323843
20.390206 -5.109306
20.302250 -6.888378
20.188274 -8.658779
20.048419 -10.418240
19.882864 -12.164506
19.691818 -13.895337
19.475525 -15.608516
19.234257 -17.301845
18.968324 -18.973152
18.678063 -20.620295
18.363843 -22.241161
18.026067 -23.833670
17.665164 -25.395780
17.281594 -26.925486
16.875848 -28.420825
16.448443 -29.879879
15.999925 -31.300775
15.530866 -32.681689
15.041867 -34.020848
14.533552 -35.316532
14.006570 -36.567078
13.461595 -37.770879
12.899324 -38.926388
12.320475 -40.032121
11.725790 -41.086657
11.116028 -42.088640
10.491970 -43.036782
9.854413 -43.929862
9.204174 -44.766732
8.542085 -45.546315
7.868993 -46.267607
7.185760 -46.929678
6.493259 -47.531675
5.792378 -48.072822
5.084014 -48.552419
4.369074 -48.969846
3.648473 -49.324565
2.923134 -49.616113
2.193986 -49.844113
1.461964 -50.008267
0.728004 -50.108358
-0.006952 -50.144254
-0.741964 -50.115902
-1.476090 -50.023333
-2.208388 -49.866659
-2.937920 -49.646077
-3.663752 -49.361864
-4.384953 -49.014377
-5.100598 -48.604057
-5.809771 -48.131423
-6.511561 -47.597077
-7.205069 -47.001696
-7.889406 -46.346040
-8.563693 -45.630942
-9.227067 -44.857314
-9.878676 -44.026142
-10.517684 -43.138485
-11.143271 -42.195477
-11.754635 -41.198321
-12.350991 -40.148289
-12.931574 -39.046722
-13.495638 -37.895029
-14.042458 -36.694678
-14.571334 -35.447206
-15.081585 -34.154205
-15.572557 -32.817329
-16.043618 -31.438286
-16.494163 -30.018841
-16.923613 -28.560807
-17.331417 -27.066051
-17.717049 -25.536484
-18.080013 -23.974063
-18.419843 -22.380787
-18.736100 -20.758695
-19.028379 -19.109863
-19.296301 -17.436400
-19.539523 -15.740450
-19.757729 -14.024183
-19.950638 -12.289797
-20.118001 -10.539512
-20.259601 -8.775570
-20.375254 -7.000229
-20.464810 -5.215764
-20.528152 -3.424459
-20.565197 -1.628611
-20.575894 0.169482
-20.560228 1.967514
-20.518216 3.763183
-20.449910 5.554186
-20.355395 7.338229
-20.234791 9.113026
-20.088248 10.876301
-19.915953 12.625794
-19.718125 14.359262
-19.495014 16.074483
-19.246904 17.769257
-18.974111 19.441411
-18.676982 21.088800
-18.355896 22.709312
-18.011263 24.300868
-17.643521 25.861426
-17.253140 27.388983
-16.840618 28.881579
-16.406482 30.337300
-15.951285 31.754276
-15.475611 33.130688
-14.980066 34.464770
-14.465283 35.754807
-13.931920 36.999144
-13.380660 38.196183
-12.812206 39.344384
-12.227287 40.442273
-11.626649 41.488438
-11.011061 42.481535
-10.381311 43.420286
-9.738204 44.303483
-9.082563 45.129992
-8.415227 45.898746
-7.737051 46.608756
-7.048901 47.259108
-6.351659 47.848963
-5.646218 48.377560
-4.933481 48.844215
-4.214360 49.248326
-3.489776 49.589370
-2.760658 49.866904
-2.027938 50.080566
-1.292556 50.230078
-0.555454 50.315242
0.182425 50.335944
0.920134 50.292151
1.656729 50.183914
2.391265 50.011366
3.122802 49.774723
3.850401 49.474281
4.573130 49.110421
5.290063 48.683602
6.000280 48.194368
6.702870 47.643338
7.396934 47.031214
8.081580 46.358774
8.755932 45.626875
9.419123 44.836449
10.070303 43.988505
10.708636 43.084123
11.333304 42.124457
11.943506 41.110733
12.538457 40.044245
13.117394 38.926353
13.679574 37.758487
14.224276 36.542138
14.750799 35.278861
15.258468 33.970270
15.746630 32.618038
16.214658 31.223893
16.661951 29.789619
17.087934 28.317050
17.492059 26.808069
17.873806 25.264606
18.232685 23.688636
18.568233 22.082176
18.880019 20.447281
19.167640 18.786044
19.430727 17.100591
19.668940 15.393079
19.881971 13.665695
20.069546 11.920649
20.231422 10.160177
20.367389 8.386533
20.477271 6.601988
20.560924 4.808827
20.618240 3.009349
20.649142 1.205857
20.653588 -0.599337
20.631572 -2.403922
20.583117 -4.205583
20.508285 -6.002014
20.407169 -7.790911
20.279895 -9.569981
20.126626 -11.336945
19.947554 -13.089537
19.742908 -14.825510
19.512947 -16.542639
19.257963 -18.238721
18.978282 -19.911582
18.674259 -21.559076
18.346281 -23.179089
17.994768 -24.769545
17.620166 -26.328402
17.222955 -27.853659
16.803642 -29.343361
16.362760 -30.795595
15.900874 -32.208496
15.418574 -33.580252
14.916476 -34.909100
14.395220 -36.193335
13.855475 -37.431307
13.297929 -38.621425
12.723295 -39.762161
12.132309 -40.852049
11.525725 -41.889687
10.904321 -42.873742
10.268890 -43.802948
9.620246 -44.676110
8.959219 -45.492104
8.286654 -46.249879
7.603413 -46.948459
6.910369 -47.586944
6.208411 -48.164511
5.498436 -48.680415
4.781354 -49.133988
4.058083 -49.524644
3.329550 -49.851878
2.596686 -50.115264
1.860431 -50.314460
1.121728 -50.449204
0.381523 -50.519318
-0.359236 -50.524707
-1.099599 -50.465359
-1.838617 -50.341342
-2.575345 -50.152812
-3.308837 -49.900003
-4.038153 -49.583235
-4.762359 -49.202907
-5.480526 -48.759501
-6.191733 -48.253579
-6.895069 -47.685785
-7.589632 -47.056841
-8.274531 -46.367547
-8.948887 -45.618782
-9.611836 -44.811498
-10.262526 -43.946726
-10.900125 -43.025569
-11.523812 -42.049202
-12.132788 -41.018871
-12.726271 -39.935892
-13.303500 -38.801648
-13.863733 -37.617587
-14.406251 -36.385222
-14.930358 -35.106129
-15.435380 -33.781942
-15.920668 -32.414353
-16.385599 -31.005113
-16.829576 -29.556021
-17.252027 -28.068932
-17.652410 -26.545748
-18.030210 -24.988417
-18.384940 -23.398932
-18.716144 -21.779327
-19.023395 -20.131674
-19.306299 -18.458082
-19.564490 -16.760693
-19.797634 -15.041680
-20.005433 -13.303243
-20.187616 -11.547609
-20.343948 -9.777025
-20.474226 -7.993759
-20.578282 -6.200095
-20.655980 -4.398329
-20.707218 -2.590771
-20.731927 -0.779735
-20.730075 1.032458
-20.701660 2.843487
-20.646718 4.651030
-20.565315 6.452772
-20.457555 8.246404
-20.323573 10.029626
-20.163538 11.800152
-19.977653 13.555713
-19.766154 15.294059
-19.529310 17.012960
-19.267422 18.710212
-18.980823 20.383638
-18.669879 22.031093
-18.334986 23.650463
-17.976570 25.239671
-17.595089 26.796677
-17.191030 28.319484
-16.764909 29.806138
-16.317269 31.254731
-15.848682 32.663403
-15.359747 34.030346
-14.851089 35.353804
-14.323357 36.632079
-13.777227 37.863528
-13.213395 39.046569
-12.632584 40.179682
-12.035536 41.261412
-11.423014 42.290367
-10.795802 43.265224
-10.154702 44.184730
-9.500535 45.047702
-8.834138 45.853028
-8.156363 46.599672
-7.468078 47.286673
-6.770163 47.913144
-6.063513 48.478278
-5.349032 48.981345
-4.627635 49.421696
-3.900245 49.798760
-3.167795 50.112048
-2.431221 50.361155
-1.691468 50.545754
-0.949482 50.665605
-0.206216 50.720547
0.537380 50.710505
1.280352 50.635485
2.021749 50.495579
2.760620 50.290959
3.496018 50.021883
4.227001 49.688689
4.952631 49.291799
5.671979 48.831716
6.384123 48.309024
7.088148 47.724386
7.783153 47.078548
8.468246 46.372330
9.142548 45.606633
9.805195 44.782432
10.455336 43.900779
11.092137 42.962797
11.714781 41.969685
12.322469 40.922709
12.914421 39.823207
13.489878 38.672583
14.048099 37.472306
14.588370 36.223910
15.109995 34.928990
15.612306 33.589203
16.094655 32.206259
16.556425 30.781929
16.997021 29.318032
17.415876 27.816442
17.812453 26.279079
18.186241 24.707910
18.536760 23.104944
18.863557 21.472234
19.166213 19.811869
19.444338 18.125972
19.697572 16.416704
19.925589 14.686251
20.128095 12.936829
20.304829 11.170678
20.455561 9.390060
20.580096 7.597254
20.678272 5.794557
20.749961 3.984278
20.795069 2.168736
20.813537 0.350256
20.805336 -1.468831
20.770477 -3.286196
20.709001 -5.099508
20.620985 -6.906445
20.506540 -8.704691
20.365808 -10.491939
20.198970 -12.265901
20.006235 -14.024301
19.787850 -15.764885
19.544090 -17.485422
19.275267 -19.183704
18.981723 -20.857554
18.663832 -22.504825
18.321998 -24.123404
17.956658 -25.711215
17.568278 -27.266221
17.157354 -28.786425
16.724410 -30.269878
16.269998 -31.714675
15.794700 -33.118961
15.299122 -34.480934
14.783898 -35.798846
14.249686 -37.071002
13.697169 -38.295770
13.127053 -39.471576
12.540067 -40.596909
11.936962 -41.670322
11.318510 -42.690436
10.685500 -43.655940
10.038744 -44.565590
9.379069 -45.418218
8.707318 -46.212724
8.024352 -46.948087
7.331044 -47.623358
6.628283 -48.237668
5.916967 -48.790223
5.198007 -49.280311
4.472324 -49.707298
3.740848 -50.070631
3.004514 -50.369840
2.264266 -50.604534
1.521052 -50.774409
0.775825 -50.879241
0.029538 -50.918889
-0.716852 -50.893297
-1.462389 -50.802492
-2.206117 -50.646585
-2.947083 -50.425770
-3.684338 -50.140324
-4.416936 -49.790608
-5.143939 -49.377063
-5.864414 -48.900214
-6.577438 -48.360667
-7.282097 -47.759107
-7.977486 -47.096300
-8.662715 -46.373090
-9.336904 -45.590398
-9.999188 -44.749221
-10.648718 -43.850633
-11.284660 -42.895780
-11.906198 -41.885880
-12.512535 -40.822223
-13.102893 -39.706166
-13.676513 -38.539136
-14.232659 -37.322623
-14.770617 -36.058181
-15.289697 -34.747427
-15.789230 -33.392036
-16.268577 -31.993740
-16.727120 -30.554328
-17.164270 -29.075640
-17.579465 -27.559568
-17.972172 -26.008051
-18.341885 -24.423074
-18.688129 -22.806665
-19.010457 -21.160891
-19.308456 -19.487860
-19.581739 -17.789713
-19.829957 -16.068623
-20.052787 -14.326794
-20.249943 -12.566455
-20.421169 -10.789861
-20.566245 -8.999286
-20.684981 -7.197024
-20.777223 -5.385382
-20.842851 -3.566682
-20.881779 -1.743254
-20.893954 0.082568
-20.879358 1.908444
-20.838007 3.732034
-20.769953 5.551001
-20.675280 7.363015
-20.554107 9.165752
-20.406587 10.956903
-20.232907 12.734171
-20.033287 14.495278
-19.807980 16.237965
-19.557273 17.959999
-19.281486 19.659171
-18.980968 21.333301
-18.656104 22.980243
-18.307306 24.597884
-17.935021 26.184149
-17.539723 27.737001
-17.121916 29.254450
-16.682134 30.734547
-16.220938 32.175392
-15.738918 33.575136
-15.236690 34.931982
-14.714894 36.244188
-14.174198 37.510068
-13.615293 38.727996
-13.038894 39.896407
-12.445738 41.013801
-11.836583 42.078741
-11.212208 43.089857
-10.573412 44.045849
-9.921012 44.945489
-9.255844 45.787617
-8.578758 46.571151
-7.890620 47.295080
-7.192312 47.958473
-6.484727 48.560473
-5.768771 49.100305
-5.045361 49.577270
-4.315423 49.990753
-3.579892 50.340218
-2.839710 50.625211
-2.095825 50.845363
-1.349189 51.000384
-0.600759 51.090071
0.148506 51.114303
0.897646 51.073044
1.645702 50.966340
2.391714 50.794323
3.134727 50.557207
3.873788 50.255290
4.607950 49.888954
5.336272 49.458662
6.057821 48.964960
6.771670 48.408475
7.476905 47.789915
8.172621 47.110067
8.857927 46.369796
9.531942 45.570046
10.193803 44.711837
10.842660 43.796262
11.477681 42.824490
12.098051 41.797762
12.702973 40.717387
13.291672 39.584746
13.863391 38.401286
14.417397 37.168518
14.952978 35.888017
15.469446 34.561420
15.966139 33.190424
16.442416 31.776780
16.897668 30.322296
17.331308 28.828832
17.742778 27.298300
18.131551 25.732655
18.497125 24.133902
18.839031 22.504086
19.156827 20.845293
19.450105 19.159646
19.718487 17.449301
19.961627 15.716449
20.179211 13.963308
20.370958 12.192122
20.536620 10.405159
20.675982 8.604708
20.788864 6.793074
20.875119 4.972578
20.934634 3.145552
20.967330 1.314335
20.973162 -0.518726
20.952122 -2.351283
20.904234 -4.180986
20.829557 -6.005493
20.728184 -7.822464
20.600242 -9.629570
20.445894 -11.424496
20.265335 -13.204940
20.058793 -14.968621
19.826532 -16.713275
19.568846 -18.436667
19.286064 -20.136586
18.978546 -21.810853
18.646683 -23.457319
18.290898 -25.073873
17.911647 -26.658440
17.509411 -28.208987
17.084705 -29.723526
16.638071 -31.200111
16.170080 -32.636848
15.681328 -34.031893
15.172441 -35.383453
14.644069 -36.689795
14.096887 -37.949239
13.531594 -39.160167
12.948914 -40.321025
12.349591 -41.430321
11.734392 -42.486628
11.104104 -43.488588
10.459533 -44.434912
9.801503 -45.324385
9.130858 -46.155860
8.448454 -46.928267
7.755165 -47.640611
7.051879 -48.291975
6.339495 -48.881519
5.618927 -49.408481
4.891096 -49.872181
4.156934 -50.272019
3.417381 -50.607478
2.673386 -50.878122
1.925900 -51.083598
1.175881 -51.223638
0.424289 -51.298056
-0.327911 -51.306752
-1.079758 -51.249708
-1.830286 -51.126992
-2.578535 -50.938755
-3.323545 -50.685232
-4.064362 -50.366744
-4.800036 -49.983692
-5.529623 -49.536561
-6.252190 -49.025919
-6.966808 -48.452415
-7.672562 -47.816777
-8.368547 -47.119816
-9.053869 -46.362418
-9.727651 -45.545549
-10.389027 -44.670250
-11.037150 -43.737637
-11.671187 -42.748901
-12.290325 -41.705304
-12.893769 -40.608178
-13.480745 -39.458924
-14.050498 -38.259010
-14.602299 -37.009969
-15.135438 -35.713398
-15.649229 -34.370953
-16.143014 -32.984350
-16.616158 -31.555363
-17.068053 -30.085818
-17.498117 -28.577596
-17.905798 -27.032625
-18.290572 -25.452881
-18.651944 -23.840386
-18.989448 -22.197203
-19.302649 -20.525435
-19.591146 -18.827221
-19.854565 -17.104734
-20.092567 -15.360181
-20.304845 -13.595794
-20.491124 -11.813833
-20.651164 -10.016578
-20.784757 -8.206332
-20.891730 -6.385413
-20.971943 -4.556153
-21.025292 -2.720895
-21.051705 -0.881990
-21.051147 0.958205
-21.023615 2.797333
-20.969143 4.633038
-20.887797 6.462966
-20.779681 8.284774
-20.644930 10.096125
-20.483715 11.894698
-20.296239 13.678187
-20.082741 15.444306
-19.843491 17.190790
-19.578795 18.915400
-19.288990 20.615924
-18.974443 22.290181
-18.635557 23.936023
-18.272763 25.551340
-17.886524 27.134058
-17.477333 28.682147
-17.045712 30.193620
-16.592212 31.666538
-16.117413 33.099009
-15.621921 34.489196
-15.106369 35.835312
-14.571416 37.135629
-14.017745 38.388477
-13.446065 39.592246
-12.857106 40.745391
-12.251622 41.846428
-11.630386 42.893943
-10.994194 43.886589
-10.343859 44.823089
-9.680214 45.702237
-9.004107 46.522904
-8.316404 47.284031
-7.617985 47.984639
-6.909744 48.623825
-6.192588 49.200763
-5.467434 49.714711
-4.735211 50.165002
-3.996857 50.551056
-3.253317 50.872371
-2.505544 51.128531
-1.754495 51.319201
-1.001132 51.444131
-0.246420 51.503156
0.508673 51.496194
1.263180 51.423249
2.016135 51.284407
2.766572 51.079842
3.513530 50.809809
4.256051 50.474649
4.993183 50.074786
5.723983 49.610725
6.447511 49.083057
7.162842 48.492452
7.869057 47.839661
8.565252 47.125515
9.250532 46.350924
9.924019 45.516875
10.584849 44.624431
11.232175 43.674731
11.865165 42.668987
12.483007 41.608482
13.084908 40.494571
13.670096 39.328676
14.237820 38.112287
14.787350 36.846957
15.317980 35.534304
15.829030 34.176006
16.319842 32.773799
16.789786 31.329475
17.238259 29.844882
17.664682 28.321919
18.068509 26.762533
18.449220 25.168719
18.806324 23.542517
19.139363 21.886008
19.447907 20.201310
19.731560 18.490582
19.989954 16.756011
20.222758 14.999819
20.429670 13.224254
20.610424 11.431589
20.764784 9.624121
20.892552 7.804163
20.993561 5.974046
21.067679 4.136114
21.114809 2.292723
21.134889 0.446232
21.127890 -1.400991
21.093818 -3.246581
21.032716 -5.088172
20.944659 -6.923405
20.829757 -8.749927
20.688156 -10.565397
20.520034 -12.367487
20.325605 -14.153889
20.105115 -15.922311
19.858845 -17.670486
19.587107 -19.396172
19.290249 -21.097157
18.968648 -22.771257
18.622714 -24.416327
18.252888 -26.030255
17.859641 -27.610972
17.443477 -29.156447
17.004925 -30.664700
16.544547 -32.133792
16.062929 -33.561840
15.560688 -34.947009
15.038464 -36.287520
14.496926 -37.581653
13.936765 -38.827744
13.358698 -40.024194
12.763464 -41.169465
12.151823 -42.262084
11.524559 -43.300648
10.882473 -44.283820
10.226388 -45.210337
9.557141 -46.079005
8.875591 -46.888708
8.182608 -47.638402
7.479080 -48.327121
6.765908 -48.953978
6.044004 -49.518165
5.314293 -50.018952
4.577709 -50.455692
3.835195 -50.827821
3.087702 -51.134855
2.336187 -51.376397
1.581613 -51.552129
0.824947 -51.661823
0.067157 -51.705331
-0.690784 -51.682591
-1.447907 -51.593628
-2.203241 -51.438548
-2.955818 -51.217547
-3.704673 -50.930899
-4.448846 -50.578968
-5.187385 -50.162199
-5.919341 -49.681119
-6.643776 -49.136340
-7.359762 -48.528553
-8.066380 -47.858534
-8.762725 -47.127133
-9.447902 -46.335284
-10.121034 -45.483995
-10.781256 -44.574352
-11.427721 -43.607516
-12.059601 -42.584720
-12.676083 -41.507271
-13.276377 -40.376543
-13.859713 -39.193980
-14.425340 -37.961095
-14.972534 -36.679462
-15.500591 -35.350718
-16.008832 -33.976563
-16.496606 -32.558753
-16.963285 -31.099101
-17.408269 -29.599474
-17.830987 -28.061789
-18.230894 -26.488013
-18.607477 -24.880161
-18.960250 -23.240288
-19.288760 -21.570495
-19.592584 -19.872916
-19.871330 -18.149726
-20.124639 -16.403129
-20.352184 -14.635362
-20.553671 -12.848689
-20.728840 -11.045395
-20.877463 -9.227792
-20.999350 -7.398206
-21.094340 -5.558981
-21.162309 -3.712472
-21.203169 -1.861045
-21.216865 -0.007072
-21.203376 1.847073
-21.162717 3.699013
-21.094939 5.546375
-21.000126 7.386791
-20.878396 9.217904
-20.729904 11.037365
-20.554837 12.842843
-20.353418 14.632023
-20.125902 16.402612
-19.872578 18.152337
-19.593769 19.878957
-19.289830 21.580256
-18.961147 23.254053
-18.608141 24.898200
-18.231261 26.510588
-17.830988 28.089149
-17.407833 29.631856
-16.962336 31.136731
-16.495065 32.601840
-16.006619 34.025304
-15.497620 35.405296
-14.968719 36.740042
-14.420593 38.027829
-13.853941 39.267003
-13.269488 40.455972
-12.667982 41.593208
-12.050191 42.677248
-11.416906 43.706701
-10.768938 44.680241
-10.107114 45.596616
-9.432282 46.454648
-8.745305 47.253231
-8.047063 47.991337
-7.338449 48.668016
-6.620370 49.282395
-5.893745 49.833681
-5.159505 50.321162
-4.418590 50.744208
-3.671949 51.102272
-2.920538 51.394889
-2.165318 51.621678
-1.407259 51.782343
-0.647330 51.876672
0.113495 51.904539
0.874241 51.865902
1.633934 51.760805
2.391599 51.589376
3.146265 51.351830
3.896967 51.048466
4.642741 50.679665
5.382631 50.245895
6.115688 49.747707
6.840974 49.185732
7.557558 48.560685
8.264520 47.873362
8.960955 47.124638
9.645969 46.315467
10.318683 45.446880
10.978235 44.519985
11.623777 43.535965
12.254482 42.496075
12.869540 41.401644
13.468162 40.254068
14.049580 39.054814
14.613046 37.805413
15.157837 36.507462
15.683254 35.162620
16.188621 33.772606
16.673290 32.339198
17.136638 30.864227
17.578068 29.349580
17.997014 27.797194
18.392936 26.209056
18.765326 24.587197
19.113704 22.933693
19.437622 21.250658
19.736662 19.540248
20.010440 17.804650
20.258601 16.046088
20.480827 14.266812
20.676829 12.469100
20.846355 10.655254
20.989185 8.827597
21.105133 6.988469
21.194050 5.140226
21.255817 3.285235
21.290355 1.425873
21.297616 -0.435479
21.277588 -2.296435
21.230295 -4.154612
21.155796 -6.007627
21.054182 -7.853107
20.925583 -9.688686
20.770160 -11.512010
20.588110 -13.320744
20.379664 -15.112567
20.145087 -16.885183
19.884677 -18.636318
19.598766 -20.363728
19.287718 -22.065196
18.951929 -23.738539
18.591827 -25.381613
18.207872 -26.992308
17.800552 -28.568558
17.370390 -30.108340
16.917932 -31.609679
16.443758 -33.070646
15.948472 -34.489367
15.432708 -35.864020
14.897125 -37.192840
14.342407 -38.474121
13.769264 -39.706215
13.178427 -40.887541
12.570653 -42.016580
11.946719 -43.091881
11.307423 -44.112061
10.653583 -45.075809
9.986035 -45.981885
9.305633 -46.829122
8.613248 -47.616431
7.909767 -48.342796
7.196089 -49.007282
6.473128 -49.609032
5.741810 -50.147270
5.003071 -50.621300
4.257857 -51.030509
3.507122 -51.374368
2.751828 -51.652430
1.992942 -51.864333
1.231435 -52.009800
0.468285 -52.088638
-0.295532 -52.100741
-1.059038 -52.046087
-1.821253 -51.924741
-2.581201 -51.736852
-3.337908 -51.482655
-4.090404 -51.162470
-4.837725 -50.776702
-5.578912 -50.325839
-6.313016 -49.810453
-7.039095 -49.231199
-7.756218 -48.588814
-8.463466 -47.884114
-9.159931 -47.117998
-9.844720 -46.291442
-10.516955 -45.405500
-11.175773 -44.461301
-11.820328 -43.460050
-12.449795 -42.403026
-13.063364 -41.291578
-13.660248 -40.127125
-14.239682 -38.911155
-14.800920 -37.645220
-15.343243 -36.330940
-15.865954 -34.969993
-16.368381 -33.564119
-16.849878 -32.115117
-17.309828 -30.624838
-17.747639 -29.095188
-18.162747 -27.528125
-18.554619 -25.925652
-18.922751 -24.289821
-19.266670 -22.622723
-19.585931 -20.926493
-19.880125 -19.203301
-20.148871 -17.455353
-20.391824 -15.684886
-20.608670 -13.894168
-20.799128 -12.085490
-20.962952 -10.261168
-21.099931 -8.423540
-21.209886 -6.574957
-21.292674 -4.717789
-21.348186 -2.854413
-21.376350 -0.987217
-21.377125 0.881407
-21.350511 2.749065
-21.296536 4.613364
-21.215270 6.471914
-21.106813 8.322335
-20.971302 10.162253
-20.808908 11.989311
-20.619837 13.801167
-20.404328 15.595497
-20.162657 17.370001
-19.895130 19.122403
-19.602087 20.850457
-19.283902 22.551946
-18.940981 24.224687
-18.573760 25.866535
-18.182708 27.475383
-17.768324 29.049166
-17.331137 30.585866
-16.871705 32.083510
-16.390615 33.540176
-15.888481 34.953993
-15.365945 36.323146
-14.823675 37.645878
-14.262363 38.920488
-13.682728 40.145341
-13.085510 41.318861
-12.471474 42.439542
-11.841403 43.505941
-11.196105 44.516689
-10.536405 45.470485
-9.863147 46.366102
-9.177192 47.202388
-8.479419 47.978265
-7.770719 48.692735
-7.052001 49.344876
-6.324184 49.933847
-5.588200 50.458889
-4.844992 50.919323
-4.095510 51.314553
-3.340716 51.644067
-2.581575 51.907438
-1.819060 52.104321
-1.054147 52.234459
-0.287817 52.297680
0.478948 52.293896
1.245167 52.223107
2.009858 52.085397
2.772040 51.880937
3.530737 51.609983
4.284976 51.272876
5.033790 50.870043
5.776221 50.401995
6.511314 49.869324
7.238129 49.272708
7.955733 48.612906
8.663206 47.890757
9.359641 47.107182
10.044143 46.263180
10.715836 45.359825
11.373857 44.398272
12.017362 43.379746
12.645525 42.305547
13.257540 41.177048
13.852621 39.995689
14.430005 38.762980
14.988949 37.480495
15.528737 36.149874
16.048675 34.772817
16.548094 33.351085
17.026354 31.886495
17.482840 30.380920
17.916964 28.836286
18.328169 27.254569
18.715926 25.637791
19.079735 23.988022
19.419129 22.307373
19.733670 20.597994
20.022954 18.862073
20.286607 17.101832
20.524290 15.319524
20.735695 13.517431
20.920550 11.697861
21.078615 9.863143
21.209685 8.015627
21.313590 6.157679
21.390195 4.291678
21.439399 2.420016
21.461137 0.545089
21.455378 -1.330700
21.422127 -3.204948
21.361424 -5.075253
21.273346 -6.939218
21.158002 -8.794455
21.015538 -10.638586
20.846133 -12.469246
20.650003 -14.284089
20.427397 -16.080788
20.178598 -17.857040
19.903921 -19.610566
19.603717 -21.339118
19.278368 -23.040479
18.928290 -24.712466
18.553927 -26.352935
18.155758 -27.959780
17.734291 -29.530941
17.290064 -31.064400
16.823644 -32.558190
16.335627 -34.010393
15.826636 -35.419144
15.297321 -36.782636
14.748360 -38.099116
14.180453 -39.366894
13.594327 -40.584341
12.990731 -41.749893
12.370437 -42.862053
11.734238 -43.919389
11.082948 -44.920543
10.417401 -45.864226
9.738448 -46.749226
9.046957 -47.574402
8.343813 -48.338692
7.629918 -49.041112
6.906183 -49.680756
6.173536 -50.256798
5.432915 -50.768496
4.685268 -51.215188
3.931552 -51.596297
3.172733 -51.911327
2.409782 -52.159869
1.643677 -52.341600
0.875399 -52.456280
0.105932 -52.503757
-0.663738 -52.483965
-1.432625 -52.396921
-2.199743 -52.242733
-2.964110 -52.021592
-3.724745 -51.733775
-4.480674 -51.379646
-5.230929 -50.959652
-5.974546 -50.474326
-6.710573 -49.924283
-7.438066 -49.310224
-8.156092 -48.632928
-8.863730 -47.893259
-9.560072 -47.092159
-10.244226 -46.230649
-10.915314 -45.309828
-11.572474 -44.330869
-12.214864 -43.295023
-12.841659 -42.203612
-13.452054 -41.058029
-14.045266 -39.859738
-14.620533 -38.610269
-15.177117 -37.311218
-15.714303 -35.964247
-16.231401 -34.571076
-16.727747 -33.133486
-17.202702 -31.653317
-17.655656 -30.132460
-18.086028 -28.572861
-18.493263 -26.976515
-18.876838 -25.345464
-19.236260 -23.681795
-19.571065 -21.987636
-19.880822 -20.265156
-20.165133 -18.516560
-20.423630 -16.744085
-20.655981 -14.950000
-20.861886 -13.136604
-21.041077 -11.306216
-21.193324 -9.461182
-21.318429 -7.603864
-21.416229 -5.736641
-21.486597 -3.861904
-21.529439 -1.982054
-21.544700 -0.099501
-21.532356 1.783344
-21.492420 3.664068
-21.424943 5.540262
-21.330008 7.409521
-21.207734 9.269450
-21.058275 11.117664
-20.881821 12.951794
-20.678595 14.769489
-20.448856 16.568418
-20.192895 18.346275
-19.911038 20.100780
-19.603644 21.829682
-19.271104 23.530765
-18.913844 25.201846
-18.532317 26.840782
-18.127011 28.445469
-17.698443 30.013849
-17.247160 31.543908
-16.773739 33.033683
-16.278784 34.481262
-15.762927 35.884785
-15.226828 37.242452
-14.671172 38.552517
-14.096669 39.813299
-13.504053 41.023177
-12.894082 42.180598
-12.267537 43.284072
-11.625218 44.332183
-10.967948 45.323581
-10.296566 46.256992
-9.611933 47.131214
-8.914924 47.945123
-8.206431 48.697670
-7.487362 49.387885
-6.758635 50.014879
-6.021185 50.577842
-5.275956 51.076049
-4.523901 51.508854
-3.765984 51.875698
-3.003176 52.176104
-2.236452 52.409683
-1.466797 52.576128
-0.695194 52.675221
0.077367 52.706829
0.849896 52.670905
1.621403 52.567490
2.390901 52.396711
3.157402 52.158779
3.919925 51.853995
4.677491 51.482742
5.429131 51.045491
6.173879 50.542796
6.910782 49.975296
7.638894 49.343712
8.357282 48.648848
9.065025 47.891588
9.761214 47.072898
10.444957 46.193821
11.115376 45.255478
11.771612 44.259066
12.412821 43.205857
13.038182 42.097196
13.646891 40.934498
14.238168 39.719248
14.811252 38.452998
15.365409 37.137368
15.899926 35.774038
16.414117 34.364751
16.907321 32.911308
17.378905 31.415569
17.828261 29.879445
18.254814 28.304902
18.658013 26.693954
19.037341 25.048662
19.392309 23.371130
19.722460 21.663507
20.027369 19.927976
20.306644 18.166759
20.559923 16.382111
20.786881 14.576316
20.987224 12.751687
21.160693 10.910559
21.307064 9.055291
21.426147 7.188258
21.517786 5.311851
21.581862 3.428474
21.618290 1.540539
21.627021 -0.349534
21.608043 -2.239325
21.561375 -4.126412
21.487077 -6.008376
21.385240 -7.882806
21.255993 -9.747299
21.099499 -11.599466
20.915956 -13.436932
20.705598 -15.257341
20.468690 -17.058360
20.205535 -18.837680
19.916466 -20.593017
19.601854 -22.322122
19.262097 -24.022776
18.897630 -25.692798
18.508918 -27.330045
18.096455 -28.932416
17.660769 -30.497856
17.202416 -32.024355
16.721981 -33.509954
16.220078 -34.952746
15.697348 -36.350879
15.154459 -37.702556
14.592105 -39.006043
14.011004 -40.259664
13.411900 -41.461809
12.795559 -42.610933
12.162769 -43.705560
11.514339 -44.744282
10.851099 -45.725762
10.173897 -46.648739
9.483601 -47.512025
8.781092 -48.314508
8.067270 -49.055155
7.343050 -49.733011
6.609357 -50.347202
5.867132 -50.896937
5.117324 -51.381504
4.360893 -51.800277
3.598809 -52.152714
2.832047 -52.438358
2.061589 -52.656837
1.288423 -52.807864
0.513538 -52.891241
-0.262073 -52.906854
-1.037416 -52.854678
-1.811497 -52.734774
-2.583325 -52.547290
-3.351910 -52.292459
-4.116268 -51.970602
-4.875417 -51.582127
-5.628387 -51.127524
-6.374210 -50.607371
-7.111931 -50.022328
-7.840604 -49.373140
-8.559294 -48.660632
-9.267080 -47.885712
-9.963054 -47.049367
-10.646322 -46.152664
-11.316009 -45.196747
-11.971255 -44.182834
-12.611220 -43.112220
-13.235081 -41.986273
-13.842038 -40.806429
-14.431312 -39.574196
-15.002147 -38.291148
-15.553809 -36.958925
-16.085590 -35.579230
-16.596806 -34.153825
-17.086801 -32.684534
-17.554946 -31.173235
-18.000638 -29.621861
-18.423304 -28.032397
-18.822401 -26.406876
-19.197415 -24.747376
-19.547864 -23.056023
-19.873297 -21.334979
-20.173294 -19.586448
-20.447469 -17.812668
-20.695468 -16.015909
-20.916971 -14.198472
-21.111693 -12.362683
-21.279380 -10.510894
-21.419817 -8.645474
-21.532820 -6.768814
-21.618242 -4.883317
-21.675972 -2.991398
-21.705934 -1.095481
-21.708085 0.802005
-21.682422 2.698629
-21.628975 4.591962
-21.547809 6.479576
-21.439026 8.359053
-21.302764 10.227983
-21.139194 12.083971
-20.948524 13.924638
-20.730996 15.747624
-20.486885 17.550591
-20.216503 19.331228
-19.920194 21.087251
-19.598334 22.816408
-19.251334 24.516481
-18.879638 26.185289
-18.483717 27.820691
-18.064079 29.420589
-17.621258 30.982929
-17.155820 32.505707
-16.668359 33.986968
-16.159499 35.424810
-15.629888 36.817387
-15.080204 38.162911
-14.511149 39.459654
-13.923452 40.705949
-13.317862 41.900196
-12.695156 43.040860
-12.056128 44.126475
-11.401597 45.155644
-10.732399 46.127044
-10.049391 47.039426
-9.353448 47.891615
-8.645458 48.682514
-7.926329 49.411104
-7.196981 50.076447
-6.458348 50.677683
-5.711375 51.214038
-4.957019 51.684818
-4.196245 52.089415
-3.430028 52.427303
-2.659350 52.698046
-1.885196 52.901288
-1.108559 53.036765
-0.330434 53.104297
0.448182 53.103791
1.226293 53.035242
2.002900 52.898733
2.777008 52.694431
3.547626 52.422592
4.313765 52.083560
5.074445 51.677763
5.828688 51.205714
6.575529 50.668014
7.314010 50.065344
8.043184 49.398472
8.762116 48.668247
9.469884 47.875598
10.165579 47.021536
10.848310 46.107150
11.517200 45.133606
12.171392 44.102146
12.810045 43.014087
13.432341 41.870818
14.037479 40.673800
14.624684 39.424561
15.193202 38.124697
15.742301 36.775870
16.271278 35.379803
16.779452 33.938282
17.266171 32.453148
17.730809 30.926303
18.172769 29.359697
18.591482 27.755335
18.986410 26.115270
19.357045 24.441599
19.702910 22.736464
20.023559 21.002048
20.318580 19.240570
20.587591 17.454285
20.830248 15.645479
21.046235 13.816469
21.235274 11.969595
21.397120 10.107223
21.531564 8.231738
21.638431 6.345541
21.717582 4.451049
21.768912 2.550688
21.792354 0.646893
21.787875 -1.257898
21.755478 -3.161243
21.695203 -5.060703
21.607124 -6.953846
21.491351 -8.838243
21.348031 -10.711481
21.177346 -12.571158
20.979510 -14.414889
20.754775 -16.240311
20.503428 -18.045084
20.225787 -19.826893
19.922206 -21.583453
19.593071 -23.312512
19.238803 -25.011850
18.859853 -26.679289
18.456705 -28.312689
18.029872 -29.909954
17.579900 -31.469034
17.107363 -32.987929
16.612865 -34.464688
16.097037 -35.897416
15.560539 -37.284273
15.004056 -38.623478
14.428299 -39.913312
13.834005 -41.152116
13.221933 -42.338299
12.592866 -43.470338
11.947608 -44.546775
11.286986 -45.566229
10.611843 -46.527386
9.923045 -47.429011
9.221471 -48.269943
8.508021 -49.049099
7.783607 -49.765476
7.049156 -50.418149
6.305609 -51.006278
5.553917 -51.529104
4.795043 -51.985949
4.029959 -52.376224
3.259645 -52.699422
2.485086 -52.955124
1.707276 -53.142996
0.927210 -53.262791
0.145888 -53.314349
-0.635689 -53.297600
-1.416520 -53.212558
-2.195604 -53.059326
-2.971943 -52.838094
-3.744542 -52.549141
-4.512410 -52.192831
-5.274564 -51.769613
-6.030025 -51.280026
-6.777827 -50.724689
-7.517009 -50.104309
-8.246624 -49.419676
-8.965736 -48.671660
-9.673423 -47.861215
-10.368778 -46.989374
-11.050907 -46.057248
-11.718936 -45.066026
-12.372008 -44.016974
-13.009284 -42.911431
-13.629947 -41.750808
-14.233200 -40.536587
-14.818268 -39.270319
-15.384401 -37.953624
-15.930870 -36.588182
-16.456975 -35.175740
-16.962039 -33.718104
-17.445414 -32.217136
-17.906477 -30.674757
-18.344637 -29.092938
-18.759330 -27.473705
-19.150023 -25.819127
-19.516212 -24.131322
-19.857427 -22.412450
-20.173227 -20.664710
-20.463208 -18.890339
-20.726993 -17.091608
-20.964244 -15.270821
-21.174653 -13.430308
-21.357950 -11.572425
-21.513896 -9.699552