4.231899 0.000000
-30.738916 591.807259
-290.863013 -10270.101633
9301.352190 39654.326698
-78117.665307 1221719.850753
-524798.474884 -23666032.898976
20683065.979554 115830027.609105
-194709741.488295 2478270424.834998
-877505562.472686 -54100215467.077316
45618614039.658257 318946021918.604797
-477659853068.289246 4918820207683.907227
-1270999650456.523682 -122709056617363.265625
99759113024115.906250 844353778919145.250000
-1156108752910326.250000 9490084379604144.000000
-1241857067441491.000000 -276175551498951456.000000
216169813341312672.000000 2172466923921731072.000000
-2765573132686330368.000000 17608368821153935360.000000
897725700217595904.000000 -616735649000362475520.000000
463791247354320912384.000000 5468513355401821945856.000000
-6546834130864291446784.000000 30816295460407395483648.000000
10379108892928789970944.000000 -1366274590734827762221056.000000
984153727417488513171456.000000 13525055517264318889459712.000000
-15351265755239981695107072.000000 48828212069123242915266560.000000
42133683343396848789356544.000000 -3001666513653475030849290240.000000
2062400370102165681624580096.000000 32963860162271531090424365056.000000
-35679714358428585557672067072.000000 62484795094093771340664274944.000000
136665578191619950367045844992.000000 -6536778577860420158922476748800.000000
4259564629029928416260965531648.000000 79335705281189903475053923663872.000000
-82238525551015133583634761515008.000000 32018484723667084443877814304768.000000
400070771570851534169006246199296.000000 -14100973724992601963440360438890496.000000
8645438084373768415674818065596416.000000 188835837434676457764884498410897408.000000
-188039392353650109865520316840673280.000000 -174812369345556466532686318509490176.000000
1103145501766590933869613890412740608.000000 -30103552066255619337072015435334942720.000000
17171542570882399102119544412748906496.000000 445004839831425029968549816698081902592.000000
-426603948089200482248810643480083693568.000000 -950243530286645584343044741664430096384.000000
2923207461770886349364888656724778549248.000000 -63522121372119535261396233331978700587008.000000
33161285402099443112104467360769472724992.000000 1039111282468732426629541608261811024429056.000000
-960355114064724897369715806017822186799104.000000 -3384735569129694918610653581823968272187392.000000
7526663526899377668415904211693889243840512.000000 -132259041715911469568061917581264421342150656.000000
61612448728720947130252098137374309050482688.000000 2405647671891046768062156820824567052943491072.000000
-2145090162876388202216397777228084817191501824.000000 -10384392147610607909835767851152888375537565696.000000
18956843048865132811802278381254871501603078144.000000 -271069551479777019797054060290280696733824450560.000000
108056898076753449797167448558375671774194958336.000000 5523993144326641744390105916756565311707068497920.000000
-4753215554157939568401407723853943259073160937472.000000 -29463638187923840147825555390240327588681068052480.000000
46907093553863416962010294024192862601477078646784.000000 -545010252540210325497352402752678973465223856390144.000000
171884280633674723093617292906964081378608252190720.000000 12584600195100653156510542382898787373189092228464640.000000
-10445277164784489931939368275703795899952194165669888.000000 -79611530208028356937370709516361082931957445525766144.000000
114369208411031412977302627786560155531243184650715136.000000 -1069504344188980353716804741032101792889087541905457152.000000
222112513746704783891603040327746997726656423060832256.000000 28447757827905026773113676039384070097833145928786116608.000000
-22752886461391561509901539461050179551303933781941944320.000000 -207942619034754553770011160767303827425090601228167020544.000000
275352475339505552570333491682300833820105976483827154944.000000 -2032012236103117479903487103384437917559474851281257889792.000000
122408450040729313128296283709668621552016267131226161152.000000 63809142466970100896880600211640344023195275267449311723520.000000
-49096095560801638567734053418393263437967108376724926103552.000000 -529595446125501753504361714183042187694986370179354364739584.000000
655598043665276089072568663235029070581327165645978855276544.000000 -3687155650363669350035763498015999335828489331740080324214784.000000
-582720768333504607954444912533387707208854414333902072053760.000000 142002163675039090837283448917674271103139904885267411186483200.000000
-104846571254678794701554122690773693216862313112898736958210048.000000 -1322326334351875068686660344030042675730527790025348093084434432.000000
1545392824656728464999197083451578691554192263506916852002455552.000000 -6224163599300786082018441838691411272189212715346100172829491200.000000
-3247568736077674173147292672249181978812161610934057907850838016.000000 313457764692732178002449500499787759739052533129544072403781419008.000000
-221318902717133623318784141544616386807463771611694753634813214720.000000 -3248626180033232633583662278091358257642107233823177788225109360640.000000
3609510861094250535023762492162862095196160926380821401948007694336.000000 -9195141841031657424350011074493718703452846505275459861639830962176.000000
-11642867651939685440511772568435083087367867049705941592336662265856.000000 686067563408439779083844391647411518732081443564631800348300384665600.000000
-461000331725938258345803087672191399695239580821038061834382503575552.000000 -7872642747192682545965283471348141793198784395483102284808639515459584.000000
8358419456684575446028443636217050566632375496590721654911270719062016.000000 -9618311869345501253054370186106602913850004546862907880478340802412544.000000
-35828064325789927776889531575375286152083050524926725251333987401465856.000000 1488042896878741561817998093196892565634848081569139503771778109407232000.000000
-945310776631964714140813267480811078629049269105142094339635877569888256.000000 -18853120237516199588211777021905249419488027669152786630954142609505779712.000000
19197597118086327128571048182479461448770260223994860093297943247478325248.000000 3641050184595366144115660162271614214531645210570690321421578085618155520.000000
-101834091860660601052971718709012839163578650337493760264555076863918080000.000000 3195864440589022812361988617894510234908671530827568439878796026188989988864.000000
-1901815649606634369961622340414120587232593996615849382598165952749587398656.000000 -44674348135395152040719887173717504370164907729243118182844873687268950278144.000000
43745388050528396903771322061237665462466569674837712890828498191904610975744.000000 65480492053177213707279422815068187955001012634790009943692469571761039474688.000000
-275480626771364164654772180257976936722868188799598930671370942976867354804224.000000 6789339696538359416169885032118378840854714696563298852861249869260732260941824.000000
-3735039225529586310394881129874036834230691299414619096931243768782707604062208.000000 -104849167220568387832843544042310708913616133834449863182884622932737952051101696.000000
98909748389480067056356881718973442960930643468840563961215556189390383450423296.000000 276139500213790381799827278467903860541853105656996405808628160171735886818443264.000000
-720154717134719925894656730431943522548473114511733529275379369021490695763918848.000000 14246539459620803659776532047362466463518164290176310365622735510129575387564343296.000000
-7104214574486824080314510806229030698141116783388747736717366846711963606958735360.000000 -243899410559435400810515612075047827106918970374926791853037187729864544058714619904.000000
221907916806200257250258035679681635995414158569500935412555898810448506874490781696.000000 908670886172342564527809918853875666957434898657392754720359987200669572800549224448.000000
-1835304288869984911058555756917216055484699024836466143440977015434614001335869112320.000000 29469649562751855531282480303460183018537485974691180910050518970861126558632617443328.000000
-12911796118986163122694296848447052385471568333377744929189751260630888919584942850048.000000 -562620537398857968177407306415571943866413292050229364182462884466092693551819134074880.000000
493953292955275507582648304815307063611907785211993538025311501874693123976136405024768.000000 2680440869084380154659788486497255731703102997663936164476500314409065758903671122296832.000000
-4584883714147928855073629587243694630647688009487383994378088694459811681080167767212032.000000 59925990885076966306343759129241598874637101845306594132897505998612572583141334354755584.000000
-21854915764853422166107999607756417076048188013078342366639726175714499707206313025994752.000000 -1287444916530804004383826569848935756102562889940779364436520902878801943875975876758732800.000000
1090623639325026744622916651876503662249061193016540437536971899814449674239641567597953024.000000 7426594575051779999963527996934324253995342258638280374663654119464225009041593482457645056.000000
-11268788908961471422200056527914808884399547301893569111126498429512212190957417815043211264.000000 119308553568277182421534681092270137663212034401817432881802410912169125954534602878153129984.000000
-32465147450308227722049475805403639053491566397548607706978308904206515936558637811901661184.000000 -2923065352696888879536779472572919078945234207198950539934884163308149731178506106225886756864.000000
2387666180896391474146902968435191905765151009350269340957347957510763572542700318408793128960.000000 19745531971933652078871044295543990833470247353704802071036130652938478690615788522233437093888.000000
-27318635658137020889722666498809010180602655612463780969989154086267627357551995604302034894848.000000 231135045855550295843029118902568527345620086704628923794150749651785842104649861193034366976000.000000
-34575000502565084202412526122114224210358381903305995250388750503251462040355954593333719859200.000000 -6585350324218086426590284636271578372261310765756179065693774217132897703037381470683256946950144.000000
5180137889198411715993309319080638207865274972089646943780526468854254961074277844276875991449600.000000 50967690157393915642522713433181432221028467082032473744460441947168416012410664062831294481956864.000000
-65443001766913155011477832837119442651281779290149039608843839130056912602117738465796691939295232.000000 431367486308321594391548822746610017171434600221993925040612344325603343340385872281780978513346560.000000
10083844381703216865817155274449578197900727605929414041691173207420712860456913800121682581520384.000000 -14720776441823097188426260847746264955825337327882639537197319020702895053894963899940072755287818240.000000
11128707609810630720288111808975408533361787121208188581316275949757741569941304227737844270845919232.000000 128620191791100179333066388319608194492300736752990630226567086514895955664172638640610629347568517120.000000
-155119159281142004082010728854796526622833499030727581647793867557298947815254402795346329895547437056.000000 761833096607307198014221998172488906010078224425999810983524543765973081825234764944612191673069338624.000000
221859313396558964766922934758748644097257471545632165857377200375746557993866765068275455844107157504.000000 -32645332725476136251966713641221601635095595884216347778535976253364401301096950539362929033826749382656.000000
23649930920068944553078447956655161523228150066968304796645249997508131501849966431160137099330612887552.000000 318769770125606332310760281189857079406852204849795664752258581665428147640441089852639428424575301451776.000000
-364157241845817702230361036133702997412873135097100610596632028334865531127475092770382838231761363664896.000000 1227241619128764659387294575722224023279375920804818796960158893300376907387606371913541712505585262395392.000000
947106460020539277559537419488669424274805604825024743672377764202996971568577465368683846715676863496192.000000 -71799012818006545613410064299807948388747628883375297178219155615592018764862031441513653155252987299364864.000000
49645372925938727109080638387777343988903575668090621249675307614143125318456095578283966533853833433448448.000000 778278832655415389571545273879169477595667625055469940282718404249153211690884819444809072828039621043552256.000000
-847312931675053394294849307961581494715172341506336685320599376065292187424961668285270596743085115066810368.000000 1635303045160183777657498517682330162360797905593943553120164322486340959043238131798217122196157669436293120.000000
3130485818526239440367833054584053788760278642717118828335695152795594205352341017062120923991201294866972672.000000 -156539435558803796013592425915167054571814667352942449515165146996459765404905607983894922942884405420994068480.000000
102740273869287859239563554779368714478810662669609364745442142901479453895994400149183544924834583741108060160.000000 1875967315367202935981458988851353723508839900049733106174009215801662660351025872192604961364428857481350873088.000000
-1955025521637878709369508987617534454096290234152905906521380664115916578329729271949588665036850425117896867840.000000 1096493289833092802262494716762665791048120228244091851387101104766956496127273167908738639999120946881783398400.000000
9256041664444174315042132552799772469439543377148870673149849718535418656298363289570488267654371179541074804736.000000 -338108413271252556544475817718267896440771744853050435118010297594024334097367250015478950884173756726614526263296.000000
209035050142001244363413258741289146759845730021319729697879573925166348235591563513339105257276263018250400432128.000000 4471237017603711496563096613549378792716095241893803658377959946419324454422115811451262730939106278353831790116864.000000
-4474719517190568905291110614359042343444753530615112855897360637594348367699378950843686814628006161422581636268032.000000 -3411422024666056363045965250600723960585764389970969724651149363748746712971682815569174858785043768597805157842944.000000
25682706777662864350077534114235648653086192514403947683443698509669079910192659273887061605165974199400119306027008.000000 -722819618749501905023434248131669116402437372742544203575045145097923260516856486715824266144700638278003786143236096.000000
416462127320638728215873484816354650431213724302387326520488372426195771401255698203803248580978666649353407212552192.000000 10549726071566846550424527257807776575441316392525823890484199953373549688816468092918477507646055071983217729251311616.000000
-10161883482365058951675293145641315874589429730494590297326559953336060548955434869600983084180426683175825235993690112.000000 -20951154957558888265071805584948708121541888199140335956850254388311915465092403067955417733173003675714957924286595072.000000
68352952260925444501382927568990185774191901633181049010200878757154666950282314049049116776880122505613879018545741824.000000 -1527643439720908942783535939447458338368106161125051214123972770496786887774721525905624188701301857563890345878721921024.000000
807544507854843918017307554978484036299810895778409430016892351660264506129711128273528655580627217127869582982602817536.000000 24662237247893378332823150129295324310541378569952741842039972375354042917940445871048761771351349903389803922078727929856.000000
-22898807120330216227893742817177521359621578754947954896395661502464937117021432194285610380074666317228445380065544372224.000000 -76887768661576991211272316801217161533729075012914663950122472975444080816710403330052932618936188213887754564644263428096.000000
176566528864272739812345646266266881115149548325634046385424638429636518147355760965966251991132725621633125802743441653760.000000 -3186519652701055670553941169250266718309813882448680879266995027238243131181975098244428190226796553598908170856314116767744.000000
1509063536142059126558232370002496884457497093976158447392191402407676379080375878853317439895565086583903645286893241761792.000000 57156851681228015178040248400242840512519590789268251049733544210304785697314000752551469601733355275886130470782530459009024.000000
-51199331090201857937838525850130183261445066115311880493383449590175503513131528523664913987745263868060297855099642444775424.000000 -239131285408712363024753768090956136042871749053720116463569945479944472183106193030804008011830760138563706204786311542341632.000000
445837977723860547148398667051125348704843234238513588804585582310279904622091680781874553289304433051541597067323653983567872.000000 -6545156206777590298970740465363073510117651373590311170880321267307004261429740753514488385710168437035468971838311499724488704.000000
2670452527522056546549079876726479801460137241112826402131609880197316560737091336625795825853198163103014496800003726256373760.000000 131382107704555692558835326207578192285172672237207257789837565420281411464990408944603696351475318919721429919397624203519721472.000000
-113568316564023263531069455162464644722397645881464571511423052310512476111613891579400023300263645685003798983280059773666459648.000000 -683875903048173894139175179281343549477890570024049089661184800728961615018587876888153702087330096268620150394285228843128061952.000000
1105484358532386645278612377734241504131076761532110790514182868959487717679119918483849181619595456586976892485796118021151916032.000000 -13195181094059030276626537812436970696503904996453924314370954601186599132818591888089570920918644224096404896869645250892081922048.000000
4317203077494420856923939669440225996243331425186728686648247010495343039565281803305092761189967675602582442860456671867979169792.000000 299611186230553541949478747410340841908181669653870597974456632397260724942632989450686008967966804191232138653560417749479406436352.000000
-249839912646141435443146174378883349831584100368955566905672230800969403916279901305484066063350192443043338966083289050493191454720.000000 -1857544497829759966269510011003949150120668309355756542168031986778007100158886566558177900118890848172547676359330012436761422069760.000000
2700136364023509516684810613921052185358781712334712216969757067206978611612261127929968189559857631969789999223074440576835239542784.000000 -25983876158682306663461762017791979522809975859675765718344073566847802890987577497331012290300995201432904035451741775133153377124352.000000
5801336030078433033906493521791418120367856312457933098141334996824810616501260954263262815753624305448150298008820948878214874267648.000000 677950283847163065260284963059176276294191446434627162920729859595618430888377102677046173850884252341454883106174389706071788346146816.000000
-544855384963267569846863654968898346434236437530783207041846992985304054993638641182429844478604375717338408874396171554148186322894848.000000 -4870154416445255187471222918039401110924542036269362852740145608596267351266133641243383437787130228343421641121574523653383258397212672.000000
6510696803244453925239112341321387359244945761577829685013899773797465396341044090608371037508664571416996151522100455319646302675927040.000000 -49602929010012028343687028097483812991537943737442987884769941610289338070254756111052409778825462254972024564975315354358208880839753728.000000
4076227272533226100538288881149605309655599581988054137287424531892155468030096771808308902656059190305849962151907234316400461973815296.000000 1522181168629714150392991742579864286018609547322107148432583442129500887485475568687091759707998527379612499169670366803158419569719115776.000000
-1177164450343445901801136214261110490240430043940837126455423724562312997198257212463307465179240802064448289096067509177868678383838167040.000000 -12439259367732801922764555174619848132582002206869400066056759599729651965453728424212286070105323450945016522608888883709404447305893937152.000000
15522606493044303212293921232551178941618808475155564386049282574030664855398718208605514702387002589187877130208328610738053457437964369920.000000 -90636661350958075870064819841408883675216241360750640446760115810599587934266252882471384261262497942150818802998443592432209182551749689344.000000
-11263469519879993738332479244659107114372191410039328053062494398916654910234168527568495624807313551338053636892153003880866203199128731648.000000 3390949677140189353036601874465674957755367722868886423512268016351193976627671752712959562885600102888533423476085078770740070739844110745600.000000
-2517374102366871819022480194499651252040065984487478097767394990864044919338572712389317856349010087164473158498693078707202635653048852021248.000000 -31130813934289371008047265790498181954102001867947328282448216057794684569197541431141151417000281452029137379280550650283241144102926313062400.000000
36635355075408060015920168049857672326272899900201281560490074997399258527052993225922588672249260018362060760525248748392785096082981367316480.000000 -154774081987868386487352293924219581742611051257850825701115785283066641952590079648137005105916226731742581496774005635452148629101219107831808.000000
-71501444033150061507092716483107316091791602926011708146834226692396032581613808992585620060599495827207101262584550611318456357909467097989120.000000 7493162689073852142351048145635869687363958932829065667352068987544235613283023618005242802455867845777513916250762591118071572805405233586896896.000000
-5322236446064713981636171817526680463534419374633540542848770875088664814748641936602855766455308723950940744795614180265019283125995804016246784.000000 -76627237410059697464823750284471194021173783101410315342730000038323689147621768207013316725428048657061674680701843564714881727964364776285405184.000000
85665272904194056308047464744903251931864962808066559901704602690925924382898438511302351718127134056322370408185537973778778758902569254533464064.000000 -234014351700558346160173585407212809382439808252348157129363008085255775478385776588698995633954162426145588697991842021838517666960485440664109056.000000
-264334213418499063078499254158842810679923168547284088131796285311492269096694073319757088332164607119435833759975032446092587037104357411492200448.000000 16418677833194329522804493668598967776444320892320843439943326016310691880839193440863576385037216068545126391076738994171429279209363658147039805440.000000
-11106248517384294856521959371216308470688516562188403763446569890857836722833804541727531486393134504294643839895371329042485075056077444723538657280.000000 -186001153792892713247369961717623956287499654832954762437385261671841124916596099737081552850437433727046416876776803544395017733716438660685416628224.000000
198585329402421064389162684835413908262160695476261798825441451817041743887510565135178676139829893185276552643248538243589342618943331590275839557632.000000 -263309202772803372592138618316577906572724608208566646429608823343699893907565877819729236636138936846083907113651686711940002149593014664855726063616.000000
-824804782686740363907801936792023281006183175437831699524600319174032523835170697406299632937581925299210612875948119377380617349458928386207995920384.000000 35653960408697021078886577475531943188343216293777897562878159941315818154693524573357590062726757469615517123106773897550152143943314799181398638854144.000000
-22823565692302885118558923058249157360760484824453763878874560369718248157744558308118183749911835226226257545360820857422177950571025525320601311379456.000000 -446070263441748888759872962149752819699113245965358830545297984602880810866666736293952040077662510100200080947729544145966878733213954417964496745136128.000000
456580259507821940775085226949215755362205152221038750456791736663334722753404867350697843238988095376023665647961392604497958662782950045469315526819840.000000 9282865469830112395026130276657260694674517285105719807389281980661414560106478043742289715748375591091476127620948133542922527975447033578828857344000.000000
-2363219558567773058563761464350323759925759614318819934434867202465983645090054530667887748551338509016031523043110020684784714810727924951773042628886528.000000 76674483142422460137898195723580583958938753054196174102864706862031483995116366470817971043317189663153681998662518992713836631592841547572668132195565568.000000
-46040586992458981499154204297207657634427468968420380813311658297359336184706918952960170867520770218520106086371892520700095234617210947174396770453028864.000000 -1058375056961183921104603679235428140573562094812760605594242377565407261118990531092650909231676891717673469635239979671847643059652093204013951498902831104.000000
1041449621082131628886760577654665029596218681652808012682021983900961920384739504258709073795956008098692861238314065046093362607112509538382907559532036096.000000 1385725149451460625853459483813024015593315878367954132210422349366137361039519100309730718640193471249090855588083388052124508335013105575828127551934431232.000000
-6426858121385545928765643541619111252416601759377810909338678804529200176806723940695178406863378559975729541572069460084121378687061509136144554120743747584.000000 163127434422783068159122476161428739172327709919118493085028342809180860581452181154806417657844974702294831579264381815432118931996928813957895662868795228160.000000
-90733167622917073142545750829048119380777488010928200280936010763750630278172056543191825335857826150504820085056781335883284750982041100972328555881015803904.000000 -2486914741583240370244745341603802842078797452634617381392820356132678760048309151680268178019105240963001898727758114522040715032533223908476020803442286002176.000000
2357090857693917739833730412402182936507337051006847344770425591932276851091718733639571854759447071693370111353191193870418407847655142752994929574947900620800.000000 6189682140167586165153660380165414370787476449927971753440889859804862973806382271710750015010790321432770197938122027963837898504079121699982623963392696647680.000000
-16864894318193401338285376686786348670508980125836146047378800341301700490393418661272068694380109968583317988824112122153090775073567866935089233010599999307776.000000 342875936432908294984866646737934022520316074128727204758780080984044405162740200368808708162743499453393338143559604021892650279148582194185058546612102907297792.000000
-173390825378341092074211316104837768897826043315702020593795028066339780744417694449409696819013278188746621450472177378785312729936575624582899890667406409859072.000000 -5791447865823434337515337131676927827585947129284492111215538500917645593853196575720161830139375906508056881273639133173684590032883729010738364907805515601412096.000000
5293506956952947641120497417445178263494245343203505818352770477841427364069760551426989246781672602551608765469381245974640108063755980726677745448015566295007232.000000 20786561176763217129518057420741200229322564902411833361633930168395200190577478997868461222757681077214802301846675710027640501087495709502209817125745424160784384.000000
-43104825641392039113983442927681172346350491776652776877880090977380689773752813714852498519530043879504509280470403007857309508389397828153925723685924754111332352.000000 710652461773629264723943944053587891782914814275249321652804362591057530215876060430782589544457550588788666068223702757574125300179123126161764814227858418160369664.000000
-317314578143806972510741412127948189203110003656778968627598826109465579221824821326479913836867978640049404858331793558683175684462068823900758790368529889615675392.000000 -13373605940138169043879624374658000336279043809813289563568226256991333967412174291055352331055212267666419551990510186964185351618037400689968482037992096421816303616.000000
11795032707111718135180923334850121111062257527101578387725615567118543219630328525793210210837357073284218346077002751985152375061289137168150656950261989549803569152.000000 61966561519235448550103874152842319652465529863097923526592012727685621626090908373746472815308570374046458224911061864447523022813481734810933237908247002658025504768.000000
-107932850623009525020841666640566706148466995423367611769848702742622622562068558497210539699198128552035753914924252681849674663408478096852331133442310150845708107776.000000 1448546145536758954583004933611437028890974598060688682759394788984872011050657738208342187728645510540851230945766589847686139751386410640075295159195680734388055703552.000000
-543217515457744461665785401813851643770771218910627426262226455234748930212856144411406545608027303197431678114431798973270591692563212529308579319756720120350654857216.000000 -30633920921903920784816266956875449843535979609212991701105128401207128475204073800853102956103475791456463144267450375709501314858754283839782548204588853412402783322112.000000
26070377087146252919966663030809725430240745755841355544796302927770260015938132579572107840980142416276002815164116744690062183035357354429723597489172248058586506199040.000000 172811958932180552385178510768758420180408010720560583340134121268824754663266434315406004037872690355171074746661527300621594543154596381102517084344793057371599631548416.000000
-265789799542385198898156984188674330009831726619775494315972298307792845205083152576326340057298611126832254306451772000311218981011147648581230909996208514309833113993216.000000 2892609458822712303439340297901035271106294530529648056310515374238834228115698665480999691727185006074532086035123705998427500166641753997394246852651852825923991323541504.000000
-825398380384289482301693466872010135540756327615130746820043056879568278331899940386494001609099961470225496759384758123131932934905666810155516430157881688187500106874880.000000 -69621800606131899344381585806554495560837393819240190225054485816484136941707484409434574189847998384456052095296817752361953988667619636492440989622938671442006264577523712.000000
57138692806114892151255998870123205861162950955120635084552821655913006287411629237332081582238843305735495636379532525299462234693761105107979118181397398743024329971204096.000000 461535355824278932034324653635776721317922650327879892683718315162545882447050403296881396007857287877552010514221809520447282420223085288390576458638064973965804119659642880.000000
-645408534335006978759146353098561066076444294021052368480266633334694022563991540362464648016039232491695214975319032492820052728872248489512306058956927313386555392724566016.000000 5626001388275072212855033497857518425490314531953961734757640236431508770710713021733359756469838322020760528361189421228538557896142184393375042911634854192588619473892671488.000000
-942456758939535116607715265321099486373691799384452580591753811622955765304243435453779720141693718179421331421093760594765698700354912557489622392483945109102388083643383808.000000 -157006287423616068381458420355052349131656968170884391968122261417974148842493063017229928329718401699713413285553041994558847087052583082983528055416982638406989270259941244928.000000
124113158443856369313036677841249194635461704514287008685353971817293104206929094775990839954956149721352345658229581008076909343225528504628453311070522567816102832249700876288.000000 1195300792771441926505425110785122423602051495134660637257545838541833857769345134941591893277340849158288980068724635964959059388809063889195978753898220894297215430392423645184.000000
-1548338862730843391654993142371585810072690137190337580713911324695523647024511286999063653957041097163871518071392139065578896569946844765132921815792322611473526581404597485568.000000 10558255223820637912370759989812644256030776462615489415274442265354726397271507540990249598288459322454034597383112781009401548048356321344169730282671512570434158204158010720256.000000
-29063736016594500905787228763086385474008928396834484171890255581268431269093485543721483585513209483214719435687902772223467101007712279119070005209153580631364099857365073920.000000 -351322286129388231492240751286428710333197284022395310789770884723539948759273389277712927533189854208510135829046788939421753348185843652790316118832244815636597507937232901636096.000000
266986783385292577698002540515049692003584705654097718021892845949545060895162671505711587949530569973149121585959683435872017599332970029545883278362941799660679001483276791578624.000000 3024274309846964807308013160666388366805901138530261450648310899176418823237796196073592899125355600490599776116778703052495839608993880488702791623074902888644086002298551906861056.000000
-3674778567910060798086625536525748329174277161609708409297466898906406837892723713640416714693430272404328531683166123681499401574693609389854223296042575281290083564482712230166528.000000 18806650399247116526520668847928204945303500029034800262216099296606025512613292738322993489987375651728763388297303633896934137175379674976467421741231331680374905051235852998410240.000000
4679533130295873104431665309760255901092007264865100991909042550168544581704644276179097788565473676308303729024328080478419472941305094545828243753811007568079881099091367723794432.000000 -779911599617316456022574424338614171088278154691586877146256062961467956000941945419482588211583079056423668028932595549857836788361681564143273928351834701510671361812862890118479872.000000
568210970496329113532194129311585348627720981325949762453270274210636538521400330927133158286518565585424142801792909658719323452159186800188671724331569846854720442862968171543920640.000000 7511193809926241918655694783009967519376940830544882959723987228748982830666661596636647648180157321729850997305419255355754550686306849350972310376911522757051168904294103491379462144.000000
-8637148600964439971537107439547425939386861229382495042395832609091877465703313819980331318321081510601875344499168139571458193457271585060886405416855643579425556721210888255608717312.000000 30757687738307887390131157392670198751827039749678467549274414291746442637489363319976400118160871586357501515397563775205007806379961654253250049586373745413262353449182921575358267392.000000
21210629161824962142531338484126409229740092287426091192102100769627620144332936090670871428898086935375969096810090759665649509447972459496611760119732971712909419002307993043856261120.000000 -1717166601569515887484096320485785862187723565089097733247748988321881655247814389802761774276667619567479545079468538628122382088470511139705344635252358546089639238586275071025137844224.000000
1194767982623852979068197494384484774651099176212262883863651421109979409509662536874417705662149678681160266033195987233730917927190416089677997729801636974661616851437023863638308421632.000000 18371364490316929495446408642048836303414619765893640134187255814423367723967415401643704862686529941868037582169719419375748378539085822810007943743990399277494499326039478291415986864128.000000
-20119009897138033534583486291867242176033556284493248573607686314670124963414363344256779704190932290887739514934097491714345951767128405221039832953922235909374965780113815839838516019200.000000 42448332303680258786001887561142593309472459257850329435091960701052817769659933924329763837611832282058839961931829539156628796403902271390014397810296194351537077386354775906367762857984.000000
71583142324938463801008544138062558571450216730044031502894758169587390769080366114776720177103177480583808853170035405332342919686092371145541316930767034108812193611624272140571334672384.000000 -3748151196574225203884135617448900737923910131033590926975093403624800360916644449071573061180848340942240415873410869829162032508287980153593659430106991675806278974773735476333344486064128.000000
2477398406360411787758144788281963272762967204764249823591822025285248271799136906981636905876644992391805507791147942940719228147702181221415084143592098981087524522764481251714131174621184.000000 44350849347336162115291205477502836274586194939315465884445109310222889965855177861180531651625049258590535013971167228143587337052903849514017920305884332737143997300697192116998445501251584.000000
-46469961708801453281969143391780047860593331852412012399770821099198399598771221889133422960378324199889116548446315892569779514428449916336885256829985025244318947927263229460945682030395392.000000 34068491493913432650140799121813165886282434928320967398633909707706869144393976966305527957673694356527824094027921914162097045127480546438524367727198729954895060514384359886607783670317056.000000
213931124024204609187083481968576249495380366300248961302112095146108507196876140331254422132945011357814985010472789194770958610984734336242642051312773523441510614575524392665685010386255872.000000 -8105688861904864841109828246091180436418893990039581443669316900068746011227279796209964559499177436842633107784044191196452138422513878244644347154133884873008974283164230845548005989906644992.000000
5052459011547471193606736975246069829418751635857734079539257612192451263772186864123564248683898932642109316037800321649494150583151547992064894219413196159314026160133382068856810383991635968.000000 105852025193840223900706384437462202348351634383287497012945913538115568889627086930711443668034787464771358558487600908442255318110975085784631442282683098462708073483704011590753683038359519232.000000
-106469946623748393175600840437314244763953802711640239775519542116372347228368901735363913594969593932000218702162604657818244468765211900946598307634821840006415706994514780038882231904909656064.000000 -63318292610771270221422962429057734465163295041199026823761818712830860417331432900420997479346931596469841549135088881185026003557780648852241295958194411195399961714152868485255229797918834688.000000
597526632831580662145594513305210348001520743172093753843130773883624144343201212520558345951266105391275377509125688719629036030349789544225191643528931159523774992483963315666026461066883497984.000000 -17352445176690980547335093699284685582847631296841546511448547863305240547359873133938252572129389999543729231404429573001596306984624273450907120725655743418902389005294587462599794591299515973632.000000
10096035116476998845918734920232953806383682300424786507898897587232024357554772176359189946215472695829268417501610107149309408613202958686629514185153680689944744090084085680802366227296496386048.000000 250064365920977687087458458354580506482144809873454122908329734857525998291538752295049706364809179206547294088988692118297619904092688987233039638878312047461440355378997223780973861209349638062080.000000
-242029534505795114840952129393752656583445992114416894363447416269828701182792664911972464245211184393882072855476719705482265956250809531118070166537767469579434223261212016721515871106619104296960.000000 -458878992592078409087432391447941996189232580437662540630982786677437796805933020974770584982919192535264814542903337536579842448763771538783645281078844786898282271382006982628733063311516181200896.000000
1597514729533111801820901160401024662191715401807237952071602370866881010957019669309088387727049307960196094097862285104474958878148093034275666760378160272195657599849846909372813728577147864350720.000000 -36730424193481849767900942106544276465884541558509056951439388860285928258333435961803674749881959590382188782107831935491861776897994771711394039784996866167126972166262438554158068584711192425005056.000000
19653615999244571934138661832992701587020260648373495225031570611943136222937039654531312143719618939240306854358203291289723911111478532639720667780297519065362986198923792934573805516704320149520384.000000 585249978412868278304016986027273430514312642691291181073710265691567877205588318610045337324685230863218204459264814603627345017079017163618569144241853001182471441400048788056837181209522903260856320.000000
-545931801619744495696637787080174486969042187090999180416400095341327931242319423294249396991192792449515576724889360730808051494717375665006313196992619376992952941724546724622258691409091266992930816.000000 -1742205904868791005112881358017074039620198139362920507211464102431190728116390662269042824558274597165226619719557912921705770635813892107406458918156925323295351970428376055962570445535172104206417920.000000
4140507731804989230600200733543159350361719040930816508905060315631984068767407970625616173335396088791295635868865477898936898848111041268209881883390109446400153782864873453195106517985412576069025792.000000 -76753583438069103314774832367473131327772811295568167396139586368924329683501082142603775852290857750150739464034845891052566936346471423820545533537165352525103588219043970570963949118130551856874651648.000000
36929021926549191211940224963084012367627707465592418743508855958078571596281448433995383722222852012463364866507223189877125384068831941014217269490400363993659997836330689551158482052813651909833392128.000000 1357832371841793234494237866617573076571957137393711305091999509618049601573803033367843699446448292170097635776271412630871858764790104633791474696109055321307109267261975137342661923657429738986567368704.000000
-1221873901423717320458791548130196382771054335775942912672169711529472870780128989019188002441896268789611708812812584682548945406749295714828062410287428364629069907515852090864291337192545724767523569664.000000 -5499418277355437378534032894206249856033668458218135042611130161999324858574427857631466245982184344090359898945886341475961285794268862714040455412538817699651989833736629655246213308062640654381351960576.000000
10482370359075837410395010509878983630161407291180300774728769435013237973387300261841868401868164249184648331798027995097100346971676954230003857664845311993414331892211214807142650353812346011025816944640.000000 -157989134052698689790816113837909372680559613929597380831083432060963884975202689033137452402476085587454900218756133342576270990659369073979725783455446498441789918893349547606021793940138955074635242143744.000000
65902166613569007764168258022549067011792541421864087634984392805709833083658682158306467096582013317266817279007757695551166781988636497655494718684592119507524454421737842907521175172145292539923349372928.000000 3124373076349397175072087877660516955157330353132365555357787203181029492129728970135031762718463504967833312248387509911394895472818462032043132584257294892035853987068915286837274906765987877795812465442816.000000
-2713114464197487023906175453013727761730210892812129617410613739622524603829949861777175964015936772531938804902462609685434829789635072259580997173688279121204200275189450435435730656443851088043528612216832.000000 -15860230747010236815330778792886362759022548464734214394170807554321961943162379375237836589140561082814035322434958465079291740777898020335805374539657129687026285660783690846161916733186769666137195800428544.000000
26047132474019064379115007708315503876251636535175908724246443156143089757849482730409191173931110173440052510143282100308841628856751437813356962577303817833276658920529604350406098761427767856259597584039936.000000 -319345035432342711013975529569804053856757048048369416010697124363977037598771615265176500262134350830113776470939974901540558246476326072876411489585511425114189641979695584747842961607507470436205479799554048.000000
108133931689538872513221406070145678844913756118121423019409159721747738097809409205167841527863742373754339685051829015700623511247954959875563644667340282531406816051997448619306959474737678461295400721580032.000000 7132162667606368346401934236489232467081990276404306050972139930765744361159989330448299381874705756296062075502536942254346796569758356197527266017032647203812977001481857051626794501342724941742372325943148544.000000
-5975052280070612016613926332172760997806464153473283948302319510458779033918826674907643783762456613602789508667870879838699823801949347488156203833669996628711122672240155777832251968889428763872669175371530240.000000 -43316597744319437313981028736290283501981972354686425890800967300528407176467549018790195436364564503251701243487470794783841761092978583336289775994432503572470706640230355216061359988164005591592585326330118144.000000
63733965584838304872835830452962660667327337153679406904530668571844448010132877146375439103535490266466434918865399641401621966566123701193235365499281041855333870684815236854757018410134090350966251336218181632.000000 -630967492111995639763614233095607509841129397173297397879630023881211197931880349625425842974309150344328846418791808594549595872665854033953339573262092479508768279206293212675459610015545158710513234291793592320.000000
150336066036450899827251447227410087558996802629763645866144201970056796413429824677765327416307586418282045295454381417428936566357226219441330921926887792484874963549347574000818593068106903452270896247363076096.000000 16154459798736607163020150800161624813550163918503505034562959985142277619873046725194578546794288399600898957687871380584206604293280336566278335877859420852607802982948754466450800722655451657051329019940733714432.000000
-13045463063164458964011809888855223003211619497290617528528783900572489085224636731782789570663073758848617815978652742077895072998190045819895117249958429196677792446007867637973610824739312116417205940879471149056.000000 -114013877554759741491872188151121201384163787240294190731102463925564940100222117901633008847314887080054428252401784210702901543957373924889185903965818741641682143124997142015185240951351494363488807909340286550016.000000
153916711023762960050091264784784661259953889207051370597098938920203425964123963260251678474210940434291958218607110149444589425147644379738433031021741281487692394052939509548367560389819750885507099001528992661504.000000 -1209991988015860526252779735863704205055775579550739356155291174977704384847057765375092122287446592170868510753255467675990637472529041483274668186333613641920231689671688600880841287433146864419964956477166677131264.000000
124732162085622184329881310678337630341155070097328847633121766855181663943923164623408392094850415588107198779448878933288029859906334256216363945483375055637841153792500101837112235619511427470098818116837282152448.000000 36307293991110719789070550698814039400781563058480032099070272016239627126370943454152119395264124089754443194117261010922116465241427913620666640107527541929710597376049943402736820449660596356262345897838563154722816.000000
-28219844064957786890019438032389962044187227836661066976812885607534188137923752743579443538692417944974079268858473032198381498220713604910539818362250274134351588214748768027503083062665104320275159119894566706085888.000000 -292079226418686057784569587700588028123481345026042068335548636736271488711042257140846607524474030156225810177767908257068851292675139834000067438352163485417787148185637713609174792311135224318783342868824346058555392.000000
367468104856346067583842304788441716854592040035895255702367854336739869515052002079633408984197780964290288431764075158585197189670787585158367715588754252797048984729049361593678343544517290656400185647713854116855808.000000 -2225608228406555814555977473803737074978020333062923737426188676642408965680121815496905724699774910185615074458465172226284957634528838547006188365751966581040212385386231853566855318860008635312865263939936069760319488.000000
-205911248917055996581282477663551560302795755697160218101861797899953929662988831749548669225699057880074833119563283158944323682575128408375224736738272600301072103941711128576352722772361126353794224566297792838893568.000000 80963679070098533017772716694603290859475195565730175799722289426785339686126718078199931383910544402054274642362824199461468914444609598631524159125032816022586948933036064623866419142521812984570315850372383783725826048.000000
-60431049354917698493616534962145775022651978951127863603781355113471193447423093419956534152306959860612340259058854202799416272825711355531787768897696881917270529968181761079323679536109469606129272804698226395942223872.000000 -732697732411768062744928584728622168804703434393157547346874488573647319586792057164283999810195134628255248179583756233309969341767311704471905673965239156459959603916324602029858520440891937487186717153829288202075111424.000000
868352276328761396616881919449999256225854228479485698400118531339986697780118500093569204418114586839206129768967338033029667241480986681196913178195735827826321948787912354614587934265393311154757077294550905196126404608.000000 -3841463048048064803788999126482024621661968835705813193606113940536377632930183667484393767951671473897712664434461527407297262654536926402313847363067666837131672440964758915999656306714695905066389399941332211459822714880.000000
-1563432965814427331209656946639595832953382072568815725967176924392129457542714862986346659424079519206190761098664316785850088941447937391367725329223448055356226815941489298357729793968603573788960921627930382180674437120.000000 179098189621630552235015572007327397604252342134987148187938149698617023796769973726008894953832965321394932482827241833146918581054913063832442388247215933471881029406906298085224787596899680630842006648077732227451340193792.000000
-127960860972323011739705137086666842174344096050428153438021389981606238359660207787764745866694244237682575069353514618353038948733562670980395489034064441944546409230505923219806889420124317861015333405559321071710512349184.000000 -1807039521202341462513834514120427505127402167735380276801710237966979038806860064481999873977560954357786616973201654912666119512599258703394629470144613390795325541039824507106490559176057526709466055708029557401401943916544.000000
2032823484932583951587529198945728120162205246859390569660370727779337399134914059681029446002423519516713188960498102770449271583608858567347841108118383798403319996724779112539150669910409495706257867974679632796233450389504.000000 -5930567776766898855236574548499156681491554656539707159342909403616972722687957071880073012132600076987429177471660754023815001699888428554741766038896796825081922636846485441715758116690954780974516977000769924383990999941120.000000
-5985932662221177920814409420479079211234600392267879444847540576486629770012625634977821881100028911595410041702878958214042552220110714301506204424482602117271786098524956917199786303601832833348929669387400100529096573845504.000000 392867034205927141291041123341605351604711170612229824177700042453373004878044969333490386354754473447718589685513244901561447949580622013497070998104135320125623756973941458764973465283274331477454670892860325603522005241430016.000000
-267500697036846283853560370165904944294650748454276003852324272243864357935683313115395339666673914997109798856134697112815041817828769184705926594532464618740664514392483424393617427196721546670696039578941909219517824879296512.000000 -4393645572668854072536178827504248830957492469597959015518164537913242644574321156682253140884470016085502898962523016106481437172315420139933064068418883994406652232495330404670105792433520146846557906480208690572160621424410624.000000
4717497407109363641185491718195531657510112386206490638940474137172688298836568134921833719904013591060661576892351807234736464329591837347688698650685382910721012067780339280975069675391227752274418661260725538153318958063681536.000000 -7086092579949619325537845375845482567445235250462197822458413566641706501381830218929196357470722472578570472059023394724245358812103794792985323177667147730699255251287105952729446097471178598081528458565273728728204352824541184.000000
-18962467775553834337486762924417158417137098350924144742207094368863079583473171231223452790463118393351432400213876961931305985443608935597342687574197421974088235750263938923521434796874606012855230044991148230447861036019089408.000000 854143724707184981282969244881903134704068477819005145441487653026450083815495722072214460321735526154919272401380165391809201278422352402170171819124243169305382523379698790957885294866804903544384636866550846145112901499387641856.000000
-550885194510987220239485654550075717581104226615331021225387649390932530999135937865251644892693438941059895924845854872779291101902733702386815053110082073292392244024934206663841574808228361420211827754714037236918616570621591552.000000 -10552302787770335988184643327737301723952435481296953634041388399266929929174675432239264263476808637454652182264553707219349688826971173786229490296005809393399599386933549887880684750293725241749488030488203741437450672470767960064.000000
10857526844916286244280959599444380048199759784246061127858598030376480922385299515955939543187764145094523136004960636582605839611743064298065689972849609836842968785310375738479360220641572570603104054020510742830160498674358026240.000000 -1624140856266961960053545852651662249206994422077097359838621551766437804592580426559717084063450068849306328884582591820042972829238181227501391912078883826656374136397917457726721348736572828782082141754479801724478546700161515520.000000
-54796378727010373203870470647287565385671160391523228173405226356459649249447862988289142925985165197269139924089047238124788141565312359416281823530783064003005841294584097681781390414650507516176167763196063740142412006328392220672.000000 1839234255313864504320106026223909040578616471575901554267939516174602214942939623249910106935319282241957039783138692729715677523776775318479029100485806924494546831421021010623214493592295323942056044628302307682488682388488772911104.000000
-1114162705538731085732139084066149721657848643844458969647846431083013404511187782910470753461483335584235607443972359314186825226995362413099679052927997927644365225785024253660816401599534987670296824088330460482296726238437864112128.000000 -25069865564565894490533371573557301307137048114471549716814542798188648242150092303830340764526457631745946670498744314215058163751328834878561696220131753535792437245571980956149513144052928100314449657131814673445066741350955611062272.000000
24790703763758132707692622684142026068040371155501395012014504769090507505150523983916976481895968419489999079281471123697796820674993867541200249442864696122116047162259768898239514440958546457182395662153233673201385601663507888078848.000000 28857620062171867673626836104629102142577640871232618709188557516735531578126421082195046069174820811586285009599513012660804777477374432235087551502087100217661303068048482194476232457478154505020546688565715171472795414444891929837568.000000
-149849679387910813680967443215825400744691545982882983145234063529915169071089474057325684688411415666750914436318778724006917894004205596775451044098301928644232505476913449770074742716122277812008371550443941762168096286052846514733056.000000 3918685544027769335523183666035224773731114579056235378096032311424381993482834662979296462546878249279837197382722869711768936714651801764489035688398505764231111513461486202470999035516130067766753051467725053142297638121815945359917056.000000
-2203030729193461555018063289250963892061250564832678279243334392844333906794888562519820132592690229724675988519626926030052829187058908874281223914639772362301661999596671693507352080698005064397848465008334758199145214200286696175566848.000000 -58978409587182494605722710709810298544867603845092835495458439809870082095220008250594797876586353032130315231415947168518587144262872144613656292429862402185740869887732053315450161891984248744502844894490969383451842160700261875387990016.000000
56164040657348285517679608649869364584907736734387269634921125579298147516465458358756879212781209945206184771475936490747820311777617346000863771256155629028196137507597091654181257816679001823170194619761922358012936964288028767005179904.000000 138176043167530441270477114254063822541939627840470192939273511052130550042089156707534057923307496325313834286250817725561323898684629445010305806705758568705990261907540456022633626990707306885997164882938088392091776387782775973041143808.000000
-394780546964283314310876789826522707159998848676961894198473734293487768811868194555010718426224701843011470515089139732857179186801644691270610541689680670337626762914234495894218462869245735929766568622857210356337372853698465679296954368.000000 8250213801792313340380635646746945533058310715423455702062773109389753722595930904153547803298718975432972691351196129157089390163796981987843254424583194556258751839128035358408093973654388661887406668601164179537051138329277511887497461760.000000
-4228960661664813397649771043061878495977993807893678981713493262332575237278297091908623818857683234543338376060441795059835436674568682879687232703571289326030107920229496512240693610046106581377468714976966591222655260949094800684981682176.000000 -137500270437488033096044176770441362345010706678768912562584742185819830423415405194546422347312074947368889484323159590847042620351080142126924566328369444764268442393535015127710079294917871060432949710754577102785275611990647043856023945216.000000
126257827663136748098540480743237133485859160699961367155558246612900101181398866391553299062514876167075835173170532001342733041768232976590955000465637928601106177608847801388239565209213495648305113247994871490405102782878800395382877585408.000000 474630981742137812548377360186981092457791643164259405145635789280653690182593871693038132924917939208467429806454768987611410484438239065719614897521745691712807128465521222836568322103382972539423133910990839617351960022810321576051867648000.000000
-1012042208703644803469298763920787461177257178580809961021282512308551935369017292487240745360796572190140867117377816798079231075392085366624823854075072092831929425940134271374118278936494968568284483985689569363079574096381390563980875923456.000000 17132526929792582113177420802541306197924182818660033506005945457605069669752633407569834500987958527176205370441547270382635443927981716749918286058032164177072148950339261680358060819791692584206820906127118156791038446464424230568698901954560.000000
-7789907039220724483531805503503497420598644556991093381965382805185458154697166541606639450281023006555310214139797055650751355785504370556451878131296495229432290106620405434804118221400887633233119473156959370458140051435363756959776177651712.000000 -317851330484660458166686632959176715821204252628614358083074288205990647911058123076139292756921889500449995373856379249172870480049411119573959879392652700611906855150942103645760908991715366802134306018116942956514819989744199299926826955046912.000000
281614479700567833459982658779417466204135404363739078845465162737484426068696899081817637814222575269140748995718319857991006184400630226454210415108969641458389558762650399029809690898161987087693648265120732404614030719376792811287484840280064.000000 1431026861365631143072731587640465809047817221734160390397909082161572535590791519416771755484385113320585492344714621077525987771832186783204086677489098363695265510304694634517291784020268452230542386941296627260634882685858055832484308081180672.000000
-2540158804447811702092677485866784365961755306556453611079552028604771154304219142685490214301045460588282429473855244281290563610005738131466878047613142513612646142490625368916215564808354865203997196311310046997672900884962050668203938724970496.000000 35002923260787058625329064448852812454723087875231346768849564956403297751068318573344325788010058936207595136166064100783677552232954657881483662395844498568194554523830501937868921403368963840368138030650323636521562850025550164900233404181643264.000000
-13477054970379483495575146770650693108042818352432840433455520417324799723546118404281220529161543868451941221669775171459818780342977728599015067344125386080415794718250548167110775846690606389798756804327202514201525964646537239886969268070252544.000000 -728820620513701358318769793239419516840540255348506242847030339149775803865880084070730361769714300612959989216622208950647477096321889224203343009429740341063476401008496932545466707333732776158304507767883065294947426222950477503361255545327583232.000000
623102817409640499684380802170651960442385386949102712776038471457778483689559555249819020684349578664755740841504651692707966334032037505371394216546367083376232721613584834196871815641103241110911830391644043893809517264242707536445319754203267072.000000 4018421883002187712263192135371967698066491840274002489676833973463967369342194283047036400666143492500438775128670669443925613265773702471516917402817941550147692872705799603590946096779728605105156529355001438477704424703961701205464117859137355776.000000
-6267581279644186956971715900620976834678258156741466712520403647550174047001094156322055319948523506586865736177522436914139216793845435249719689578346314505280501778115512663127464245151862098362213366042432216617691437492684790341067883503127887872.000000 70100683532686516760245063677853048597591677461695871516086589109327593131823177260213137259784466678111515613689232708083050540708709791147945925773486589954759636145700592727684168833816554443668562532558112876215875061213820590892944590137412550656.000000
-20899301368529045231586145316249973205706356522010560274829704849312829281073411645737915041956613267166903624763027570878123958898729680131321125750007634451814762171981296448975565295789197993651286297957589116752781804633319109617361170712651366400.000000 -1658046753850338015398546182303005576253005734941291259907025763994769097796497980024426501301480190316569670292354238663745237088786895578101990809626859100731640136361936150523660538568668578142292000714726380794926720404127509987573918642668530827264.000000
1367172252172215966264106713529969482914646769577606691237327916225163235110856506190893452736150629449062228175106943457616778250911217877599806895121476672931654619835110028756838900767818578496282665998745289255090173738172972399547984049032738635776.000000 10782632117685904475914942100945722035180601741679667449645549138606775170382097993479034237914192782242838935548315319728950438633629369656842516010305873381270344638354162623889207282861897971178493844422033633790202652284874153913378174953326339162112.000000
-15244892297968110632382978480776920179485519396715238321628819994941927240630106355503250629078706995945024577451727813915467512183858257031299920147561317304719499679656768824166452444091172121205498107870489177851751382931281519251331069428483424780288.000000 136862099609188404118903083903331723516919684925745632709796021291298038718860991274527163109391970903451450045835072954844107658385395548672600286365990791231886620092910920422719240165858189160974733038512105992506856283520236924616717437243328034766848.000000
-25278876829251461020524877138197297761125595557601355183713776745147136555792835882788683599566967151909023100788304654878559479115209290398245575758630765885479894919736551846816876655137193431341552475292779473249231316273859678467893445505132970115072.000000 -3742827407771995388683618376525180530748138206844541123526495084309680508684036906868502764689662456096715886560909605929078299890713778676165167979751045963848792926012425259703038621396856749835327080973766721456212576952466315274905821836464980783792128.000000
2973208480597682946233199307736571062479022334813750178005119884979290121387570696392289772650390167787528169106248504492220552057955253492720883415181646384601341913002785975803870775558255971456708310111552301098283374157570508259963993498732927379308544.000000 28021724274169115896286931821965707959197525971848335448248948779911679394743019631242642912167995171983308676904814944981309654179964893294157055683892335085867236465697110369189892352341970009189027455339778129624202962960297590413286633212845216304726016.000000
-36626254814007691319629379875358366461029326150968300929627313391465309656579689915386594427833729745710795636217847211343590396335289880082364282558805093982914685671035496519726964493715950632592002717690633065469657828085161197126547066666083234149826560.000000 258210312015779613252765788581271677168259393318418235272137146706745013887770757900199323090678379351525321452935410944449240748543387343858198307224679491618772749242829362058883559435980731502240358453732103338682914722384440361046353694539267349774598144.000000
-7107549670462117933586739735948655379536261064316346440690114364045056546590757543432695908613658215138081808655272031913052328513478377924596612193476665759410424505998843451387246749471459772162683394735123138831672903142856660987888584949193381876072448.000000 -8383477528072520840144068913180057739292698977196839799353024571329577461597464054895568357553489663616506586780527301764047052975962647351324259692012966153871746157961077126169785547599401588801481716485465062307236465311139039119933379359155360676500733952.000000
6404109038725762409744974456450374160017813391766789033478178922324186187831851323971886864464733274780406132492740447615478675103892055053585285648560413652772334517527220792852487895398125789871328392788310578474648018397293321817048985720155430781007691776.000000 71088928686833711610513163445115240385072267107156466221759331922595345923712483355909918494682221343399622900587158779544824682934996366507032189952528707151144252872572198759610948747061174694509262995077631054271971054341923810585706124073023987893869215744.000000
-87041780560398098497301246653128643817794433617527457034559461455269277865482305740488595588519058016898334742430976765199302090773046858431696983807883374362971847221563724554001728143061583157551099441907488382181219156041511696858962681315251114261962817536.000000 463637377386039782617443383548903335764415070434260505905216563252293797173724413462833859938640313749227797334820535093837572176395569887437448160391458354692692895457390250230303746701929628890644372373402942559627050132218356704223873124901504947124036435968.000000
97034034758255628352565561811343389068796462960418978141541134967840513499931658316946623543586343859296218049642152696537526448464439190802066309030827896411069713671097406973950601585732394345271626865986263214199795510815719418166753210089114758514001051648.000000 -18629927503420017870617715672411793444817144847955440772992419485862931267289252041966392501792995729949244155922332921257464617220721472487235131927476383819329330735896210931809681203514513276539856436187873942245684083439261118621243683918082303670208276987904.000000
13649087661627111114456426250382465090379159258336216625717919607783374122347725513918764307553478711987508674208244813425059207160840911420035674296876917009166038094879177214233393940673447554115171993132062910122236757017025780373782887155867749635506676170752.000000 176942523726363247441637111379642310662752766129447334835379209612952188194621359979197313563632166056298985091427633017552959944667487273268006498546202156633247498254670358744331865226584536796374488133229662879296494249488414596212700719585383615793548591366144.000000
-204827352594859154167113626275610336745421367316562721098230129184401380458350581991215578714422900381979101744913138974019913450851832410505166957059637661468093384909074288458268845915232748312297208318812639312760568945646771108591335426007297591614043125186560.000000 768884326667090816649399533398162958361089847432649556450664419619778662184172449636424899960267472608750647482623866621235903335076274111105220330968169535802786550666457898352993640300543372470761893288337186371354196821843687728981449628896510143324932259446784.000000
473021425246116525732416578811335574262989934506477094572877648085030221435266998792787105317469916078954246150772220333340574726049942299421020396374155062872917611934684990567106694240462911010337780652258399482497787181033209998579938863640005216792058886356992.000000 -41062444896900062261684412827080481545402496812984889361046317679267307690432857425800852609573661608869634268625208709860154018048615331385247837455794266930329768557552401414901371182904386506430514653494188246528378944894283734844184138501521517986891837441310720.000000
28746793185641036298280593872768706561598600444478492687660296709467972393991281003799265161253370675692639116241312588321930459156736200536212630159316940282117546364720569866591256376582142138548540268890043081752094889907155648447557228740548452893631325170302976.000000 433565744403093144378144509194527493368268245039968179785685246368021045200031166049884081804263129459041888277135142976603130546832343835276336233758727361599724155534056802417634313207273499277314659540005632584555428122726639472863165528816561859373565464415305728.000000
-477649451046030333826061292975849412159843592030453390737294306983896162726031671892391727850673124788010577068514196475861069947887540791617188606694150809183252681604004836994210513697302530795233239345979361091260004373499415051309529943001476329393484543199019008.000000 1094271601329207360091896105093537516219304945722850051297018244692906503811391707109756173698611155886997524462222366584331152624797907788157445679794079622780453441007663456065031956845003454460621152389408697476739495463869654812863411010043249053034346007150723072.000000
1633773249755909026502398602782120107760830313405363764453412535102030033719578864905753054846864135706206543579386967844622461785719936186374799178796170978712756357433271962911399575775399476075427408537660864957164807360792986927045716324806635462683646493762519040.000000 -89731403369327266528578071076628121398733776864013786306579324453625426938090875256209935887721726664127266096014589008019647319388834256910644057456747623751540433287931857663262726249006952542959805998871965288066553481591788185233433926493776751201508509358177124352.000000
59721883813104205550885041253064586939982332013413467048106398763450097332635907494992626554138695920953569442742106139616148978241716080781214045658339500531025860543124220393065364704579725934857516787267828962735370248121991196918905757264589607055415391405224230912.000000 1048328705890018733527256762341542263686761070449631107181815457767533509760411086846964520120883181174548163477773971018998219742485869673717123151966408730162835402664744756211896297694074112098074369412620959632740983814629558706331898525186452247825993320956604448768.000000
-1104421132816944750763162271054339490072160874628205724304666100096495251809514307578435198871401797050425470889361273884809986811749452334707311144586027033430041518857419688151971462443828771127154925167949635769827739439684041738919227352905520348630685197514125082624.000000 1000823462651161581440523157637658772241342778823663611967988324570162431814549785199707793991838504463443149378829407749099303182155877726712230765280410422121794466291748530983586134504414077199121747772023216889775604449642237970652251551502756783320301444644915380224.000000
4939185973508360940294644864233566854078615640036064030045067957685231814712137752090238608731871336827317525726841462672380670523870212536202292146942906688478299653377221969183252644156852422845971759905592013580404880180336235601174057860913573163946784803366312607744.000000 -194290637267539362265914223677190667034933739016676266797318197601166057066960388679882951639726101587013302180375376611901433427072395284443237866157841046815254587882492219228737666152297145103335313894050534091219515077141259051858798247175720180673022652232874154000384.000000
122079376066706515905425637296543426448584160042750698327988600460092931883211163085505119148188218320978718563929327088262244495302015643281794341640944863974813216999529122760398994402695478165250662394454250804035920432982821251144678714577140590902921698691562451501056.000000 2505520443443422196451255754135385048752617885739050812131971867936957962012141098774528961469922402773203539246917832147831169033922354508277924515819087380261675697149471835241324345584680331820561271839762289425142831984077439072678261375151359069829489946816382876254208.000000
-2532983475058488106000423384329354755129288101606334331472499592162116222780481242747698238432871701168720731259369377909576675943011112373445873926632970350169945969529418097210091998850502119525082214250718946723313338424567864555567969526347730523441886388854484589608960.000000 -1080573958857480250347776282396157648158468127092017481690766722271464854365667842025915812279279987645452747956978745085529835347040586488214326348140397120146891296605952644546468817176669672942618167607857542180281162827315133610846753045783716218270514920395245323550720.000000
13892105916650250509894830149366206205058947254954144967679268763668541670503559851462470247096082337763921737523186988819229456047186223821521123637935667698347838241427887785773982642023989860192335544063708580043230517144792124447145405629108209340099828274074031952494592.000000 -416496381892979154770875971965487813046232894091162820457672969748256926472197521361477155705257258255917898957635260618666298216341598671225088928767433621555052359644399067200906175479384678407589624374162384828902042217767692311863053763062334341679869811495830873608028160.000000
244648117746927863590782050356368436559677801544552681495436027766585120165600064677433110620458248880035844669061766547776621022359389269698279373974050439293764525024704643896161575306342942118693206652115745870957271788616379200299189517293321479802738691113726072512839680.000000 5926468054343564155548120353491844622973256347318046840879397217675519478921187333944502158340203129991713522720772544024193817264364975833039720310234380801828817022213563525846441586388498515355150421904348421137507087712704704957948863691169735641263088199382540828373155840.000000
-5763778847020602761734630501545293313405331415383864586681613049569656242593411906805631659506352457412999341838607271771388412294368513906076310540748469852081917659558438803672635049203534904813918574211962163873358681066708289703719162403349891702477914816237757284896210944.000000 -9971849718340226088107140244208801873214143558866653605213786953602376199604007421023112520296726881453125214210427880527055376507013263618760091900486221953507645364992127622277626573166825068852412853691631275591513860249068061130146519418610825164118688205609690689070694400.000000
37317644943452178084342424123627121696496711189875434284083575926358251735022227413238746771308119201156078647869857137322267649500652117249460530617261569842122617151918987996249745445404136995861852296498539056711618172261897818719810122900767693577424795389163331737096290304.000000 -882954918132924392241448356127233989784576792659112570797228274439134698547186048700592917951423995978184651322875927380979707926536340462304191351767232961472937780617901571878478374764531385108010697332863566858084439206617778178448935518114818040483016285169221944856826347520.000000
478046560143087385072842141335974268799984156504930006277843450519297916831827972815021514029836316785356116205702179393941672078759140240147596580175408588904734372064391980745656728499051507795261063062700222320037322406872070405216043044357637884416620820522812923156042350592.000000 13886358928680835038641778706087175787673954563980079319769560801148511857356549606697886938787072774257043651741962289594673125870138696072006998838916315798757000110478477958783669530944050134887107083746049714159687865285421646452837966408276233015847808056875686745130089316352.000000
-13013932257713504088010950504643224920312443916129562191614057111839620883649030142549506110606216742290358959129994842279944393544089779946120763663695454741936010065514272600239997427909886356633814145157494415640196053909268443498711335883331273406259832562991587816383046483968.000000 -39367368428452252472175551130969711283067313981893723693567350820053473843866684363021850123553409836916598957217115324100225426515496043183673600170976435234255813564131675611143295176529856228348421823517221580964253903934570480150239991212157181331963715413448713263993805864960.000000
97058374790403149137883621339739185587489867258661336874281085590772014948844931493142676696703206658425649871181777560595012300153963218000069098857388971316034078537697554020272018374737422449923676605848363477791302717386812014780434337620291114829082330689906587382872683839488.000000 -1848306246242943377179835306934669959295992655784302459247577516864673075132805462625522557332680115285005554947649436572429978010667855751638991747639921708022585810170824158303426154073238720358993715405738208893489269605326228569073448483729656474298737981169779070719545531432960.000000
902961287130129746302756372866561841079345971277324073498391455854047876237523179463951290040465518352625795902043612117932247708448444205354916870319169264291834957108498198677196997107162472244068118010181544488811658032180365842115287881434677501023642842590468177059081053274112.000000 32252640197600848126121436017211932324697907686494864373470718290797284475457129529930526555858167271839814598847940395851920137333416694563068662557809211711686798682163834104682310432089387243863235718842679256363806573201368413349339226388771031309888266577084955073898110206869504.000000
-29156276217464977227431510125727120983943454300576192592642524451686746140960510335045454504756112708097016119091096028136783782081976077536752664120424120895098872045852128721943525658091413535922585653406413439863819145027087878875040288230471107843359468828023673144940248436834304.000000 -126293239042629832580650657788961868856132260861273927303113779204378949152163813836172652404834646501436480422386505070789776622447387284106741225052392564414153507399075440902337466680616254985886732912839062869921483834784281849742262559913876495880356517196475116389571758498250752.000000
246382527318679261514581396097532303819059747198562263747883448074501877109349599131911029643261191614772881689804102648243865161537598446263628073303211631331306802953355729638100552937575976506814584744271207798025504092319215128963689353402568043465350360785836744994136941930741760.000000 -3812464213280116776468430211657461838446631645393445987591849795142301210544274370638164073963739916279163654429880864633354459588941103682290735827552348192686735221474757372199505371620333982353482300071907022114475528286048616698374922935912462354519371209174850004499094813253042176.000000
1624198426052270710594616570676349079747381652831487109171966642584770047632124847538805818061764898948260510430917821607255811469770891051333079772911299381408159033265987406515000749537057678960631198380566250708602215084997953982125416181979534138859638482424759131754861123810099200.000000 74290437664412898291604458139082595313654317883599996194494853693348730528585487397694577290000475761441027484868641420245390292246065843830449747609306392226636822216632023337697851856217963625584502380222347069224999939538443647748564394603370360512962384844437507170112524493434912768.000000
-64806806825231827535505704573128286260527898846044686249803896915793900019316679926056999206027066364400647478517180062620695828449499806573218936350965109816908147616785794310891491159120996243623504183001858215631818615540442673698102592312617484130405090067248238126533096208924147712.000000 -367504932731365031316265264555200889802492189256441602050768155037579799014836397831343542949709811759333924423652566415424276076968353995100854383459338955930516260174882083317768533555310073915803700235142271015865636785858063744116471685833087304694858314130294065281826097740002623488.000000
613561491331282067061084825610253855549389505283463563578948216853084474938660714857126750482775400453582207435249581097450222490871538129654085762589050013224463842540731464264418974700820428842464614046062898303268646625852773831432366154446054308406840654840489662828245385567465897984.000000 -7725814323044847278820759520756130700304107438797073830879126541472571116849557128272774682346135317415686390400670979571787656071265554306155445209981059326697586823765745482320277052433032929083728167251042836234210755609103485372375821366143544503990884523848518044206664080146793758720.000000
2701655386402615145317627030555793045100045068291524772859809591954248401695829262165702093866267445172226324815870015913884494437384691804346238493893170593621793967404428384573899976589921713113426662748144537172801884181737261222296212015736603456500276230520360540342548597193291333632.000000 169757505817580205571606004656271516946605274782806418423679960488347318864484704262729038309094848585975705710417764412574684664861119724599371932320354668902813274890499763072501354646092065647511412889445115208432035596188961518064652892957591691457275094301348181805285933007299768483840.000000
-142876274780545220013321654730615743536571634220096632027984201744803196926252984998072529235698554687280742968942481958790758118934343613221655869566766210957379494194329905007450551379001783762853704234346924640682582713895850864607872373684255215266710135744001729184557028760511498420224.000000 -1009509641045069290722313373987916216046144434228869045539335049533109471552717572460723201063478712891133030795995053834104257575085112067084883656972886541353978798414473750433338200713212370306298983612255919478564250554801348595143548777284844226930267903639814586481809713364470178250752.000000
1504053014723449085027768230522241420346179783198886696985076550007646927134398850864145961498278810646316933986554284341342358863402949707560140571032630849385319901899743837000714181748104259734213456165019748239403105042745745666208241349097847457422115365432355265150739953381326802911232.000000 -15314396695462887645052806442046018801311506121407983496917006622878593592060812980747263640189292899170712912395368690402123421064842315511545799265572630764905506633180922832731418981631647710572564667223612747401195398851446406390705068052136391396338473855516071617667815094674302011703296.000000
3869990867672020326630638283613245976862877204640982856178861059320359548645111181685237970483501868386607711241872030105797043028824532517187911786042344673457529208408768541632047696228487311201604803339130529536315412145695458056229890762913569162161496246331938354455566996805549910130688.000000 384885762995181440643356068338150885001519055919261678218049699397007749289497310785086650674304019893982027570782189955460668112386161213476262624327964248540464309747377296159290622594988517868593045192085079280177046781866272489934875499256192371761639784972346625912161213455049114601390080.000000
-312299954605691586343387511048179517249802978229143968909066193707191827128370284077687847584861496983052808910004268649290743864531899475901140750445116576470484057366371603670223230653154886001584216428544363669585944439446570696639168605114974253614909372823393591760208624763889823516721152.000000 -2667975996705473178646614530902387888283059667547616448728160688085559131163668986748812379865574602507953611214992996473299455631870508209157758812603134066864842167065950237990020156252038584945357629550436444751231803262767286929269657151201265732710714731215950204238937278000622153188245504.000000
3637999657622218714457525380556396330751852674200582498346700850880787417066777814865226773721945413405132537192587213875017514219239052788168941451092550358532659522294529013929549271585046540186885103226891996058142467196319112670863579988482750926803135646933445609420447593567399772474572800.000000 -29496194209038072289883454116158408559964086293988606991496141556997509390941188476266715152438807714935542586824700195180012200812794534141855945137309697215178245365770564334381920131427026145674284056243769003102258452732190022882805487905421610948985370644762868720188610980646765394093146112.000000
3629200825297813805113078535401211045410790302987109001700821609224787757949652936227181283986482983736190154161986282539269616101327378616659958981057052696772953481492230477966738552142664803978620864031876981113604348944436013907795758930871958241102644129565061501176540667413973847204954112.000000 865895846236064251017583416463777498695041947730862146622970992976055457300959337472450762935915085097224709596404787577803100002032819546844453237142982441303112049368058067058648322677009732601172970426450453250787628696011138568072388148883966665498897104558162540766573507266682621905449517056.000000
-676394825010736580815305262675890009211774788554754670765689028895262755307430875024486690148791328997583742865100016100590819172925618357257548688993461423462874369180842456976224762553885180674859214586804531939940748552530984789848041305818777345137301113761570332510969204277240014604603490304.000000 -6855804833666663953236870227388609787563102483053370819331046478692512381297186121806978238065785544806449565881043838762316726245066644006834101951156394137388917876958105217642510164234652372678928008619784238711190629936827026054405890763058687321046492423133760397715528437606378954342354911232.000000
8697646241383015542450001227613150264032250206590785085644008142410004008531654518989424318693027227140384831261870674888833463679194404137240182272129776236126675538821664288015760656973537436850903034404442157008013069030956619174434100098651314156819323138106486297479048948076811773873062150144.000000 -54595069082561043108502183310799254994185768018712307023760668607930609090895843232489616045641107304862143726273326970131453983321862292773668001708599460286363485246200212047306044767617714292491364336762420048868270260112521464276843164454520220933481392031479510784032108633128044658090294902784.000000
-3417823786189808961356877301322241897724155495774199396464578378080345019030797522554724771184022197181006347749865820740290894379548421268929843904202337146012875634636451385727630975596831106251526358650654081109997415039240386197912143429193316773371548854998403390832652318271244792948290748416.000000 1932866634228212462423048245520274536380051790622645996622030750438140113889866075096054872966598649891606842102337433476751189722122346993315906630122335565850285989426619076432829518999088299260906190638707216914595639868364676960267016568192862170371252287707044786403182252414525899879509982707712.000000
-1450416026947767204713499664880553200247986333241066697753854614803850575102213059971282668172647142414867899218307501903437689942688847505102828321814214235799843240185253973776530895026385159016488819309485391645090001055913800297716094372570193439111650525488954177858634379835071989031045928321024.000000 -17240064334612867185991242196292746510788026747598512615941614104916921670307740198780313614027773573538793131224260005009755748307775942654416540548562571985235517939816382271046904734414319106970714229490355392226844753224851025417349937044223101953500487105319248512161408628824750289593169577246720.000000
20579027425627886134101656190258176837175715352119595641830721261280252309893879804984316569345016396474215572604392439461990909842859156654769346066490372458568427515814498024596014658728132833897255181770359009026663618718229523492953999195713883981338067871742756621553844687561095404433026337210368.000000 -95178922234897433599038085779096537951736317727141753367054763053048680075663751070457735471684263692535842321342560525765276331578693145107193613483337841173500475853484916164627388633959360700214683937482828377255799328855091146909002108196659393357906555053023424382885428852179657312031683848962048.000000
-33907036853559101108918651797882057246272828672367295061368450834681435957538812693778317860657346396168639753256428805351547892521178717647599545552395767085628388643120699682899887967544441206249612677880089038674656966919049738517679693500376551508868616616590619139891571697662278349922852442996736.000000 4280135608553458110527058209443429301756266236425277972116450293992122879621229273199189603650236301286521557821241538484070773997393586707075365391095729154030139627175701802982182959986509411015689955608407390217722141044081295273793115693181736581763328532430585538155835654685395667390786151253016576.000000
-3075878397206389413592649675591803127488359491665297934972126266340113626360632398850124256335843125988323940420884902208216082588936154381083131644634580501993999217910902739804035581437196390264303516047549580355996803245772538430730149906062226275946728112747294286358924571438394064965135671415013376.000000 -42604076637883923654547212810917344361001269972827568981636944920637812365665222179151776594283774533090108705597134735663514778060652128169302443101209227461685386738561033560542609356699681816400173432845903487101182622461266624090946340477384582870603644604724394955862478029742457771022925152517095424.000000
48231688844770713406342025668932363948498646597086950368874535893461699348044419728113169170986586559265059203991905102788036684972070711535496129922728134696827183758595095614800920501389449052217612932974539906190059372546522723471919629563281102023014118292425150407437638205423001519884028554975903744.000000 -149738377937135972680844415206296380986030626670919521794023679531368854366147642487422302017468621675316283949306456256002332917815489199770526774055160024573638553027485001236265428888553665330604957205010749926633139386596102175161687364442744145768843749435611206213971631091609974551709540045434126336.000000
-135168709046870028920226000030416874350315587954476620018734149384201620976262761289080715169547286010641715692731454549954411435198794351391748423414205088808642539711331195168530369929378431978988313645305307277026838735751516042689218377296706916000640958259771623901731828430131130152399319453946347520.000000 9399173549020313244740451701656534713448197634677880338275369210189905743535606167971743745741251307758855071385955363781355862293759549397147421744077826288482566846060772767197379100460496648441865599654988221399577577346511117529339148563804099622323249973811593605016727860279242725689671740319527337984.000000
-nan -nan
-nan -nan
-nan -nan
-nan -nan
-nan -nan
-nan -nan
-nan -nan
-nan -nan
-nan -nan
-nan -nan
-nan -nan
-nan -nan
-nan -nan
-nan -nan
-nan -nan
-nan -nan
-nan -nan
-nan -nan
-nan -nan
-nan -nan
-nan -nan
-nan -nan
-nan -nan
-nan -nan
-nan -nan
-nan -nan
-nan -nan
-nan -nan
-nan -nan
-nan -nan
-nan -nan
-nan -nan
-nan -nan
-nan -nan
-nan -nan
-nan -nan
-nan -nan
-nan -nan
-nan -nan
-nan -nan
-nan -nan
-nan -nan
-nan -nan
-nan -nan
-nan -nan
-nan -nan
-nan -nan
-nan -nan
-nan -nan
-nan -nan
-nan -nan
-nan -nan
-nan -nan
-nan -nan
-nan -nan
-nan -nan
-nan -nan
-nan -nan
-nan -nan
-nan -nan
-nan -nan
-nan -nan
-nan -nan
-nan -nan
-nan -nan
-nan -nan
-nan -nan
-nan -nan
-nan -nan
-nan -nan
-nan -nan
-nan -nan
-nan -nan
-nan -nan
-nan -nan
-nan -nan
-nan -nan
-nan -nan
-nan -nan
-nan -nan
-nan -nan
-nan -nan
-nan -nan
-nan -nan
-nan -nan
-nan -nan
-nan -nan
-nan -nan
-nan -nan
-nan -nan
-nan -nan
-nan -nan
-nan -nan
-nan -nan
-nan -nan
-nan -nan
-nan -nan
-nan -nan
-nan -nan
-nan -nan
-nan -nan
-nan -nan
-nan -nan
-nan -nan
-nan -nan
-nan -nan
-nan -nan
-nan -nan
-nan -nan
-nan -nan
-nan -nan
-nan -nan
-nan -nan
-nan -nan
-nan -nan
-nan -nan
-nan -nan
-nan -nan
-nan -nan
-nan -nan
-nan -nan
-nan -nan
-nan -nan
-nan -nan
-nan -nan
-nan -nan
-nan -nan
-nan -nan
-nan -nan
-nan -nan
-nan -nan
-nan -nan
-nan -nan
-nan -nan
-nan -nan
-nan -nan
-nan -nan
-nan -nan
-nan -nan
-nan -nan
-nan -nan
-nan -nan
-nan -nan
-nan -nan
-nan -nan
-nan -nan
-nan -nan
-nan -nan
-nan -nan
-nan -nan
-nan -nan
-nan -nan
-nan -nan
-nan -nan
-nan -nan
-nan -nan
-nan -nan
-nan -nan
-nan -nan
-nan -nan
-nan -nan
-nan -nan
-nan -nan
-nan -nan
-nan -nan
-nan -nan
-nan -nan
-nan -nan
-nan -nan
-nan -nan
-nan -nan
-nan -nan
-nan -nan
-nan -nan
-nan -nan
-nan -nan
-nan -nan
-nan -nan
-nan -nan
-nan -nan
-nan -nan
-nan -nan
-nan -nan
-nan -nan
-nan -nan
-nan -nan
-nan -nan
-nan -nan
-nan -nan
-nan -nan
-nan -nan
-nan -nan
-nan -nan
-nan -nan
-nan -nan
-nan -nan
-nan -nan
-nan -nan
-nan -nan
-nan -nan
-nan -nan
-nan -nan
-nan -nan
-nan -nan
-nan -nan
-nan -nan
-nan -nan
-nan -nan
-nan -nan
-nan -nan
-nan -nan
-nan -nan
-nan -nan
-nan -nan
-nan -nan
-nan -nan
-nan -nan
-nan -nan
-nan -nan
-nan -nan
-nan -nan
-nan -nan
-nan -nan
-nan -nan
-nan -nan
-nan -nan
-nan -nan
-nan -nan
-nan -nan
-nan -nan
-nan -nan
-nan -nan
-nan -nan
-nan -nan
-nan -nan
-nan -nan
-nan -nan
-nan -nan
-nan -nan
-nan -nan
-nan -nan
-nan -nan
-nan -nan
-nan -nan
-nan -nan
-nan -nan
-nan -nan
-nan -nan
-nan -nan
-nan -nan
-nan -nan
-nan -nan
-nan -nan
-nan -nan
-nan -nan
-nan -nan
-nan -nan
-nan -nan
-nan -nan
-nan -nan
-nan -nan
-nan -nan
-nan -nan
-nan -nan
-nan -nan
-nan -nan
-nan -nan
-nan -nan
-nan -nan
-nan -nan
-nan -nan
-nan -nan
-nan -nan
-nan -nan
-nan -nan
-nan -nan
-nan -nan
-nan -nan
-nan -nan
-nan -nan
-nan -nan
-nan -nan
-nan -nan
-nan -nan
-nan -nan
-nan -nan
-nan -nan
-nan -nan
-nan -nan
-nan -nan
-nan -nan
-nan -nan
-nan -nan
-nan -nan
-nan -nan
-nan -nan
-nan -nan
-nan -nan
-nan -nan
-nan -nan
-nan -nan
-nan -nan
-nan -nan
-nan -nan
-nan -nan
-nan -nan
-nan -nan
-nan -nan
-nan -nan
-nan -nan
-nan -nan
-nan -nan
-nan -nan
-nan -nan
-nan -nan
-nan -nan
-nan -nan
-nan -nan
-nan -nan
-nan -nan
-nan -nan
-nan -nan
-nan -nan
-nan -nan
-nan -nan
-nan -nan
-nan -nan
-nan -nan
-nan -nan
-nan -nan
-nan -nan
-nan -nan
-nan -nan
-nan -nan
-nan -nan
-nan -nan
-nan -nan
-nan -nan
-nan -nan
-nan -nan
-nan -nan
-nan -nan
-nan -nan
-nan -nan
-nan -nan
-nan -nan
-nan -nan
-nan -nan
-nan -nan
-nan -nan
-nan -nan
-nan -nan
-nan -nan
-nan -nan
-nan -nan
-nan -nan
-nan -nan
-nan -nan
-nan -nan
-nan -nan
-nan -nan
-nan -nan
-nan -nan
-nan -nan
-nan -nan
-nan -nan
-nan -nan
-nan -nan
-nan -nan
-nan -nan
-nan -nan
-nan -nan
-nan -nan
-nan -nan
-nan -nan
-nan -nan
-nan -nan
-nan -nan
-nan -nan
-nan -nan
-nan -nan
-nan -nan
-nan -nan
-nan -nan
-nan -nan
-nan -nan
-nan -nan
-nan -nan
-nan -nan
-nan -nan
-nan -nan
-nan -nan
-nan -nan
-nan -nan
-nan -nan
-nan -nan
-nan -nan
-nan -nan
-nan -nan
-nan -nan
-nan -nan
-nan -nan
-nan -nan
-nan -nan
-nan -nan
-nan -nan
-nan -nan
-nan -nan
-nan -nan
-nan -nan
-nan -nan
-nan -nan
-nan -nan
-nan -nan
-nan -nan
-nan -nan
-nan -nan
-nan -nan
-nan -nan
-nan -nan
-nan -nan
-nan -nan
-nan -nan
-nan -nan
-nan -nan
-nan -nan
-nan -nan
-nan -nan
-nan -nan
-nan -nan
-nan -nan
-nan -nan
-nan -nan
-nan -nan
-nan -nan
-nan -nan
-nan -nan
-nan -nan
-nan -nan
-nan -nan
-nan -nan
-nan -nan
-nan -nan
-nan -nan
-nan -nan
-nan -nan
-nan -nan
-nan -nan
-nan -nan
-nan -nan
-nan -nan
-nan -nan
-nan -nan
-nan -nan
-nan -nan
-nan -nan
-nan -nan
-nan -nan
-nan -nan
-nan -nan
-nan -nan
-nan -nan
-nan -nan
-nan -nan
-nan -nan
-nan -nan
-nan -nan
-nan -nan
-nan -nan
-nan -nan
-nan -nan
-nan -nan
-nan -nan
-nan -nan
-nan -nan
-nan -nan
-nan -nan
-nan -nan
-nan -nan
-nan -nan
-nan -nan
-nan -nan
-nan -nan
-nan -nan
-nan -nan
-nan -nan
-nan -nan
-nan -nan
-nan -nan
-nan -nan
-nan -nan
-nan -nan
-nan -nan
-nan -nan
-nan -nan
-nan -nan
-nan -nan
-nan -nan
-nan -nan
-nan -nan
-nan -nan
-nan -nan
-nan -nan
-nan -nan
-nan -nan
-nan -nan
-nan -nan
-nan -nan
-nan -nan
-nan -nan
-nan -nan
-nan -nan
-nan -nan
-nan -nan
-nan -nan
-nan -nan
-nan -nan
-nan -nan
-nan -nan
-nan -nan
-nan -nan
-nan -nan
-nan -nan
-nan -nan
-nan -nan
-nan -nan
-nan -nan
-nan -nan
-nan -nan
-nan -nan
-nan -nan
-nan -nan
-nan -nan
-nan -nan
-nan -nan
-nan -nan
-nan -nan
-nan -nan
-nan -nan
-nan -nan
-nan -nan
-nan -nan
-nan -nan
-nan -nan
-nan -nan
-nan -nan
-nan -nan
-nan -nan
-nan -nan
-nan -nan
-nan -nan
-nan -nan
-nan -nan
-nan -nan
-nan -nan
-nan -nan
-nan -nan
-nan -nan
-nan -nan
-nan -nan
-nan -nan
-nan -nan
-nan -nan
-nan -nan
-nan -nan
-nan -nan
-nan -nan
-nan -nan
-nan -nan
-nan -nan
-nan -nan
-nan -nan
-nan -nan
-nan -nan
-nan -nan
-nan -nan
-nan -nan
-nan -nan
-nan -nan
-nan -nan
-nan -nan
-nan -nan
-nan -nan
-nan -nan
-nan -nan
-nan -nan
-nan -nan
-nan -nan
-nan -nan
-nan -nan
-nan -nan
-nan -nan
-nan -nan
-nan -nan
-nan -nan
-nan -nan
-nan -nan
-nan -nan
-nan -nan
-nan -nan
-nan -nan
-nan -nan
-nan -nan
-nan -nan
-nan -nan
-nan -nan
-nan -nan
-nan -nan
-nan -nan
-nan -nan
-nan -nan
-nan -nan
-nan -nan
-nan -nan
-nan -nan
-nan -nan
-nan -nan
-nan -nan
-nan -nan
-nan -nan
-nan -nan
-nan -nan
-nan -nan
-nan -nan
-nan -nan
-nan -nan
-nan -nan
-nan -nan
-nan -nan
-nan -nan
-nan -nan
-nan -nan
-nan -nan
-nan -nan
-nan -nan
-nan -nan
-nan -nan
-nan -nan
-nan -nan
-nan -nan
-nan -nan
-nan -nan
-nan -nan
-nan -nan
-nan -nan
-nan -nan
-nan -nan
-nan -nan
-nan -nan
-nan -nan
-nan -nan
-nan -nan
-nan -nan
-nan -nan
-nan -nan
-nan -nan
-nan -nan
-nan -nan
-nan -nan
-nan -nan
-nan -nan
-nan -nan
-nan -nan
-nan -nan
-nan -nan
-nan -nan
-nan -nan
-nan -nan
-nan -nan
-nan -nan
-nan -nan
-nan -nan
-nan -nan
-nan -nan
-nan -nan
-nan -nan
-nan -nan
-nan -nan
-nan -nan
-nan -nan
-nan -nan
-nan -nan
-nan -nan
-nan -nan
-nan -nan
-nan -nan
-nan -nan
-nan -nan
-nan -nan
-nan -nan
-nan -nan
-nan -nan
-nan -nan
-nan -nan
-nan -nan
-nan -nan
-nan -nan
-nan -nan
-nan -nan
-nan -nan
-nan -nan
-nan -nan
-nan -nan
-nan -nan
-nan -nan
-nan -nan
-nan -nan
-nan -nan
-nan -nan
-nan -nan
-nan -nan
-nan -nan
-nan -nan
-nan -nan
-nan -nan
-nan -nan
-nan -nan
-nan -nan
-nan -nan
-nan -nan
-nan -nan
-nan -nan
-nan -nan
-nan -nan
-nan -nan
-nan -nan
-nan -nan
-nan -nan
-nan -nan
-nan -nan
-nan -nan
-nan -nan
-nan -nan
-nan -nan
-nan -nan
-nan -nan
-nan -nan
-nan -nan
-nan -nan
-nan -nan
-nan -nan
-nan -nan
-nan -nan
-nan -nan
-nan -nan
-nan -nan
-nan -nan
-nan -nan
-nan -nan
-nan -nan
-nan -nan
-nan -nan
-nan -nan
-nan -nan
-nan -nan
-nan -nan
-nan -nan
-nan -nan
-nan -nan
-nan -nan
-nan -nan
-nan -nan
-nan -nan
-nan -nan
-nan -nan
-nan -nan
-nan -nan
-nan -nan
-nan -nan
-nan -nan
-nan -nan
-nan -nan
-nan -nan
-nan -nan
-nan -nan
-nan -nan
-nan -nan
-nan -nan
-nan -nan
-nan -nan
-nan -nan
-nan -nan
-nan -nan
-nan -nan
-nan -nan
-nan -nan
-nan -nan
-nan -nan
-nan -nan
-nan -nan
-nan -nan
-nan -nan
-nan -nan
-nan -nan
-nan -nan
-nan -nan
-nan -nan
-nan -nan
-nan -nan
-nan -nan
-nan -nan
-nan -nan
-nan -nan
-nan -nan
-nan -nan
-nan -nan
-nan -nan
-nan -nan
-nan -nan
-nan -nan
-nan -nan
-nan -nan
-nan -nan
-nan -nan
-nan -nan
-nan -nan
-nan -nan
-nan -nan
-nan -nan
-nan -nan
-nan -nan
-nan -nan
-nan -nan
-nan -nan
-nan -nan
-nan -nan
-nan -nan
-nan -nan
-nan -nan
-nan -nan
-nan -nan
-nan -nan
-nan -nan
-nan -nan
-nan -nan
-nan -nan
-nan -nan
-nan -nan
-nan -nan
-nan -nan
-nan -nan
-nan -nan
-nan -nan
-nan -nan
-nan -nan
-nan -nan
-nan -nan
-nan -nan
-nan -nan
-nan -nan
-nan -nan
-nan -nan
-nan -nan
-nan -nan
-nan -nan
-nan -nan
-nan -nan
-nan -nan
-nan -nan
-nan -nan
-nan -nan
-nan -nan
-nan -nan
-nan -nan
-nan -nan
-nan -nan
-nan -nan
-nan -nan
-nan -nan
-nan -nan
-nan -nan
-nan -nan
-nan -nan
-nan -nan
-nan -nan
-nan -nan
-nan -nan
-nan -nan
-nan -nan
-nan -nan
-nan -nan
-nan -nan
-nan -nan
-nan -nan
-nan -nan
-nan -nan
-nan -nan
-nan -nan
-nan -nan
-nan -nan
-nan -nan
-nan -nan
-nan -nan
-nan -nan
-nan -nan
-nan -nan
-nan -nan
-nan -nan
-nan -nan
-nan -nan
-nan -nan
-nan -nan
-nan -nan
-nan -nan
-nan -nan
-nan -nan
-nan -nan
-nan -nan
-nan -nan
-nan -nan
-nan -nan
-nan -nan
-nan -nan
-nan -nan
-nan -nan
-nan -nan
-nan -nan
-nan -nan
-nan -nan
-nan -nan
-nan -nan
-nan -nan
-nan -nan
-nan -nan
-nan -