7.474834 0.000000
6.759766 -17.611435
4.738253 -31.930341
1.798905 -40.102192
-1.491866 -40.540410
-4.499005 -33.149823
-6.641369 -19.347070
-7.504033 -1.789079
-6.918651 16.138366
-4.996299 30.973515
-2.106412 39.847100
1.194218 41.037274
4.268713 34.303710
6.523000 20.936031
7.520600 3.506837
7.067138 -14.623378
5.248210 -29.954158
2.413236 -39.520913
-0.891660 -41.468198
-4.028860 -35.409554
-6.392259 -22.504148
-7.524369 -5.235014
-7.204872 13.068680
-5.493492 28.873426
-2.718843 39.123512
0.584667 41.831808
3.779767 36.464990
6.249252 24.048520
7.515211 6.970731
7.331513 -11.476569
5.731660 -27.732595
3.022694 -38.654900
-0.273726 -42.126833
-3.521776 -37.467715
-6.094108 -25.566259
-7.493017 -8.711071
-7.446737 9.849430
-5.962236 26.533053
-3.324249 38.115201
-0.040667 42.352106
3.255245 38.415498
5.926979 27.054495
7.457701 10.453079
7.550235 -8.189730
6.184750 -25.276305
3.622967 -37.504665
0.358003 -42.506573
-2.980552 -39.306179
-5.748036 -28.510380
-7.409199 -12.193770
-7.641718 6.500017
-6.398740 23.963967
-3.918305 36.823663
-0.677762 42.589287
2.698092 40.137676
5.557477 29.931097
7.347467 13.930133
7.720911 -4.782914
6.603756 -22.597769
4.209722 -36.072695
0.999418 -42.599419
-2.408277 -40.907989
-5.355516 -31.313861
-7.272485 -15.659135
-7.787561 3.041118
-6.799360 21.179546
-4.496679 35.252383
-1.322434 42.536256
2.111535 41.615206
5.142394 32.655926
7.184255 17.377726
7.841433 -1.277392
6.985124 -19.711245
4.778639 -34.363477
1.646266 -42.399205
-1.808313 -42.257504
-4.918370 -33.954590
-7.082802 -19.082846
-7.882312 -0.505435
-7.160634 18.194915
-5.055067 33.406850
-1.970366 42.187794
1.499069 42.833153
4.683725 35.207199
6.968174 20.771427
7.910003 2.304474
7.325488 -16.632709
5.325436 -32.383501
2.294177 -41.901674
-1.184280 -43.340523
-4.438763 -36.411155
-6.840443 -22.440403
-7.924331 -4.116782
-7.479302 15.026877
-5.589220 31.294556
-2.617137 41.540622
0.864434 43.778086
4.183807 37.563917
6.699704 24.086711
7.925144 5.939363
7.621704 -13.379770
5.845902 -30.141260
2.938684 -41.104542
-0.540034 -44.144419
-3.919199 -38.663008
-6.546073 -25.707296
-7.912311 -7.769176
-7.752340 11.693828
-6.094973 28.924984
-3.258249 40.593468
0.211595 44.438208
3.645304 39.706020
6.379692 27.299120
7.885724 9.603137
7.870871 -9.971585
6.335929 -27.647221
3.575262 -40.007560
0.120356 -44.658252
-3.362504 -40.690620
-6.200725 -28.859165
-7.845295 -11.438127
-7.976978 8.215659
-6.568278 26.309582
-3.889154 39.347111
-0.455280 44.803466
3.071201 41.614550
6.009361 30.384438
7.790964 13.270994
8.070358 -6.428753
6.791538 -24.913799
4.199353 -38.612544
0.792629 -44.872882
-2.771815 -42.475639
-5.805810 -31.871980
-7.722689 -15.098560
-8.150729 4.613650
-7.005236 23.461718
-4.505289 37.804416
-1.131846 44.865655
2.464786 43.271799
5.590306 33.318865
7.640455 16.917626
8.217828 -2.773205
7.208914 -21.955302
4.806395 -36.923413
1.472362 -44.781061
-2.150568 -44.001039
-5.363106 -34.722212
-7.544269 -18.724976
-8.271412 0.910347
-7.402123 20.396627
-5.102106 35.970355
-1.813605 44.618507
1.829634 44.661459
5.124489 36.079184
7.434165 20.517384
8.311259 0.971930
7.584430 -18.787875
5.391860 -34.946193
2.154993 -44.377524
-1.502472 -45.251262
-4.874757 -37.387001
-7.310197 -22.291619
-8.337169 -2.870568
-7.755418 17.131340
-5.675101 33.852011
-2.495939 44.057776
1.169587 45.768757
4.614233 38.642937
7.172447 24.044450
8.348964 4.782454
7.914683 -15.429417
5.951279 -32.689022
2.835853 -43.659060
-0.831497 -46.212358
-4.343264 -39.844332
-7.021021 -25.772652
-8.346487 -6.704421
-8.061838 13.684603
-6.219851 31.458572
-3.174138 43.181306
0.488736 46.580593
4.062215 40.988594
6.856047 27.473012
8.329607 8.633254
8.196514 -11.899494
6.480280 -30.162133
3.510196 -42.624580
-0.141847 -46.872105
-3.771474 -42.073203
-6.677680 -29.142333
-8.298215 -10.565695
-8.318359 10.076778
-6.732039 28.801306
-3.843426 41.989083
-0.208609 47.085658
3.471450 43.095720
6.486100 30.777443
8.252226 12.498450
8.427040 -8.219237
6.974614 -27.377820
4.173228 -41.275156
0.562065 -47.220136
-3.162571 -44.053788
-6.281510 -32.375195
-8.191578 -14.428192
-8.522245 6.329736
-7.207496 25.893527
-4.499000 40.483278
-0.917939 47.274549
2.845283 44.945138
6.064137 33.932481
8.116237 16.351568
8.603679 -4.411224
7.430192 -24.350400
4.820143 -39.614065
1.275641 -47.248037
-2.520053 -45.767596
-5.834233 -35.446228
-8.026191 -18.265203
-8.671071 2.466728
-7.642222 22.750534
-5.136059 38.668275
-1.634573 47.139871
2.187364 46.519085
5.592076 36.913411
7.921454 20.165707
8.724169 -0.499351
7.843116 -21.096143
5.446153 -37.646803
1.994129 -46.949453
-1.847720 -47.197629
-5.337963 -38.331058
-7.802066 -22.049679
-8.762747 -1.487739
-8.032424 19.389554
-5.749836 36.550683
-2.353694 46.676324
1.501637 47.801361
5.072219 39.696251
7.668092 23.913715
8.786596 3.491306
8.209706 -17.633207
6.046523 -35.381090
2.712650 -46.320162
-1.149651 -48.328524
-4.795190 -41.006134
-7.519624 -25.754414
-8.795537 -5.508056
-8.374544 15.829651
-6.335635 34.139332
-3.070371 45.880785
0.792312 48.777477
4.507245 42.257922
7.356777 27.568379
8.789410 7.534642
8.526532 -13.981541
6.616602 -32.826860
3.426231 -45.358153
-0.430184 -49.146695
-4.208776 -43.448901
-7.179696 -29.352231
-8.768081 -9.567666
-8.665288 12.091635
-6.888863 31.445256
-3.779598 44.752367
0.063844 49.434779
3.900196 44.576437
6.988549 31.102606
8.731442 11.603688
8.790444 -10.162787
7.151863 -29.996237
4.129839 -44.063676
0.306116 -49.640455
-3.581939 -45.637978
-6.783529 -32.816169
-8.679409 -13.639227
-8.901654 8.197947
-7.405063 28.481655
-4.476321 43.292471
-0.679093 49.762579
3.254462 46.631065
6.564859 34.489614
8.611924 15.670773
8.998595 -6.200156
7.647931 -26.903491
4.818411 -42.439289
1.054475 -49.800141
-2.918240 -47.553329
-6.332782 -36.119675
-8.528956 -17.694787
-9.080961 4.172541
-7.879949 25.263854
-5.155478 41.504817
-1.431636 49.752265
2.573768 48.402504
6.087572 37.703126
8.430498 19.707711
9.148471 -2.118307
8.100615 -23.564981
5.486893 -40.489884
1.809946 -49.618214
-2.221562 -49.176426
-5.829524 -39.236794
-8.316573 -21.705969
-9.200866 0.040741
-8.309440 21.809229
-5.812030 39.395467
-2.188762 49.397395
1.862153 49.873041
5.558960 40.717559
8.187228 23.685979
9.237913 2.056804
8.505950 -19.999080
6.130269 -38.222692
2.567437 -49.089356
-1.496092 -50.490407
-5.276226 -42.142363
-8.042538 -25.644155
-9.259398 -4.170904
-8.689688 18.137131
-6.440997 36.972828
-2.945317 48.693792
1.123946 51.026702
4.981693 43.508215
7.882605 27.576913
9.265137 6.298076
8.860216 -16.226092
6.743605 -35.647288
3.321744 -48.210546
-0.746297 -51.480225
-4.675755 -44.812197
-7.707560 -29.480681
-9.254969 -8.434780
-9.017113 14.268787
-7.037494 34.247633
-3.696055 47.639610
0.363744 51.849402
4.358830 46.051469
7.517558 31.351900
9.228758 10.577427
9.159978 -12.268143
7.322076 -32.775562
4.067585 -46.981128
0.023101 -52.132787
-4.031358 -47.223277
-7.312785 -33.187036
-9.186397 -12.722382
-9.288432 10.227193
-7.596769 31.232919
-4.435667 46.235396
-0.413613 52.329072
3.693803 48.324956
7.093450 34.982579
9.127803 14.865971
9.402113 -8.149067
7.861006 -29.621685
4.799634 -45.402861
0.807155 -52.437083
-3.346650 -49.353934
-6.859793 -36.735059
-9.052921 -17.004489
-9.500686 6.036988
-8.114232 27.943978
-5.158820 44.484127
-1.203077 52.455787
2.990405 50.307744
6.612078 38.441043
8.961726 19.134202
9.583835 -3.894270
8.355905 -26.202051
5.512560 -43.479950
1.600720 -52.384298
-2.625593 -51.184020
-6.350598 -40.097145
-8.854216 -21.251358
-9.651269 1.724310
-8.585498 24.398292
-5.860192 42.391242
-1.999416 52.221874
2.252763 51.980512
6.075672 41.700036
8.730423 23.352187
9.702722 0.469412
8.802499 -22.535214
6.201059 -41.219068
2.398487 -51.967924
-1.872479 -52.695081
-5.787644 -43.246443
-8.590402 -25.432915
-9.737951 -2.683347
-9.006415 20.615459
-6.534509 39.964649
-2.797250 51.622008
1.485326 53.325712
5.486884 44.733161
8.434239 27.489764
9.756742 4.913873
9.196768 -18.641791
6.859896 -38.629356
3.195015 -51.183840
-1.091903 -53.870514
-5.173790 -46.157058
-8.262049 -29.518962
-9.758903 -7.157307
-9.373100 16.617095
-7.176582 37.214717
-3.591086 50.653293
0.692829 54.327726
4.848782 47.515076
8.073975 31.516747
9.744271 9.409906
9.534973 -14.544369
7.483939 -35.722407
3.984767 -50.030394
-0.288738 -54.695721
-4.512306 -48.804247
-7.870189 -33.479377
-9.712712 -11.667879
-9.681970 12.426724
-7.781348 34.154253
-4.375354 49.315331
-0.119723 54.973010
4.164832 50.021689
7.650891 35.403133
9.664116 13.927386
9.813696 -10.267379
8.068200 -32.512231
4.762146 -48.508455
0.531891 -55.158246
-3.806853 -51.164617
-7.416310 -37.284329
-9.598406 -16.184549
-9.929776 8.069653
-8.343900 30.798461
-5.144440 47.610274
-0.947093 55.250229
3.438885 52.230348
7.166704 39.119316
9.515529 18.435457
10.029861 -5.836965
8.607868 -29.015208
5.521534 -46.621462
1.364641 -55.247905
-3.061466 -53.216306
-6.902359 -40.904490
-9.415464 -20.676172
-10.113625 3.572827
-8.859534 27.164880
-5.892728 45.542853
-1.783839 55.150376
2.675157 54.120029
6.623590 42.636298
9.298219 22.902737
10.180767 -1.280839
9.098349 -25.250021
6.257327 -44.375446
2.203981 -54.956897
-2.280537 -54.939172
-6.330738 -44.311245
-9.163831 -25.111179
-10.231013 -1.035319
-9.323777 23.273311
-6.614640 43.120401
-2.624352 54.666881
1.878207 55.671511
6.024173 45.925899
9.012368 27.297520
10.264115 3.371886
9.535301 -21.237564
6.963980 -41.779040
3.044229 -54.279905
-1.468786 -56.314955
-5.704292 -47.476903
-8.843926 -29.457782
-10.279849 -5.725034
-9.732425 19.145721
-7.304670 40.352847
-3.462885 53.795704
1.052911 56.867543
5.371518 48.960974
8.658634 31.587992
10.278024 8.090867
9.914670 -17.000849
7.636040 -38.843467
3.879587 -53.214183
-0.631237 -57.327452
-5.026301 -50.374913
-8.456649 -33.684194
-10.258475 -10.465430
-10.081580 14.806134
-7.957429 37.252702
-4.293597 52.535409
0.204435 57.693002
4.669117 51.715612
8.238159 35.742449
10.221064 12.844716
10.232720 -12.564881
8.268189 -35.582514
4.704178 -51.759622
0.226809 -57.962659
-4.300466 -52.980061
-8.003382 -37.758848
-10.165685 -15.224672
-10.367679 10.280504
-8.567681 33.835019
-5.110588 50.887226
-0.661794 58.135039
3.920873 54.165350
7.752567 39.729516
10.092262 17.601203
10.486070 -7.956526
8.855282 -32.012486
5.512087 -49.918801
1.099808 -58.208913
-3.530888 -55.268677
-7.485992 -41.650619
-10.000748 -19.970182
-10.587529 5.596572
-9.130384 30.117338
-5.907938 48.855094
-1.540123 58.183211
3.131083 56.287358
7.203965 43.518374
9.891127 22.327456
10.671720 -3.204362
9.392390 -28.152142
6.297403 -47.697025
1.982005 -58.057021
-2.722053 -57.218826
-6.906825 -45.329050
-9.763415 -24.668850
-10.738331 0.783709
-9.640726 26.119614
-6.679751 46.445684
-2.424706 57.829600
2.304414 58.060641
6.594938 47.078982
9.617659 26.990180
10.787081 1.661489
9.874832 -24.022610
7.054254 -45.102335
2.867471 -57.500368
-1.878802 -58.810492
-6.268701 -48.764572
-9.453936 -29.287254
-10.817713 -4.127255
-10.094169 21.864125
-7.420192 43.668409
-3.309539 57.068917
1.445876 59.466207
5.928538 50.382300
9.272356 31.555881
10.830002 6.609538
10.298216 -19.647288
7.776854 -42.145509
3.750142 -56.535011
-1.006310 -60.025755
-5.574901 -51.928729
-9.073062 -33.791881
-10.823750 -9.104219
-10.486477 17.375360
-8.123534 40.535406
-4.188505 55.898589
0.560798 60.487250
5.208271 53.400511
8.856227 35.991088
10.798790 11.607119
10.658475 -15.051727
8.459541 -38.840039
4.623852 -55.159763
-0.110051 -60.848956
-4.829154 -54.794395
-8.622056 -38.149362
-10.754987 -14.114006
-10.813758 12.679897
-8.784193 37.061512
-5.055405 54.318827
-0.345204 61.109296
4.438086 56.107233
8.370787 40.262591
10.692234 16.620598
10.951899 -10.263495
9.096822 -35.202091
5.482384 -53.376250
0.804228 -61.266848
-4.035623 -57.335988
-8.102689 -42.326703
-10.610460 -19.122573
-11.072495 7.806255
-9.396774 33.264205
-5.904008 52.332682
-1.266264 61.320357
3.622352 58.477735
7.818062 44.337672
10.509622 21.615578
11.175170 -5.312021
9.683411 -31.250441
6.319501 -51.188953
1.730545 -61.268734
-3.198880 -59.529675
-7.517238 -46.291523
-10.389711 -24.095231
-11.259577 2.784735
-9.956112 29.163542
-6.728088 49.946075
-2.196295 61.111059
2.765838 60.489135
7.200581 48.184344
10.250751 26.557132
11.325393 -0.228434
10.214274 -27.006401
7.128999 -48.605238
2.662723 -60.846589
-2.323883 -61.353576
-6.868484 -50.012288
-10.092799 -28.996870
-11.372329 -2.352755
-10.457311 24.782062
-7.521468 47.167813
-3.129033 60.474756
1.873688 62.120597
6.521372 51.771584
9.915946 31.410029
11.400121 4.954624
10.684661 -22.493714
7.904741 -45.635353
3.594420 -59.995171
-1.415952 -62.787943
-6.159698 -53.458544
-9.720314 -33.792196
-11.408539 -7.572888
-10.895782 20.144685
-8.278067 44.009585
-4.058075 59.407628
0.951390 63.353511
5.783946 55.069568
9.506061 36.138971
11.397383 10.203194
11.090153 -17.738442
8.640709 -42.292418
4.519180 -58.712106
-0.480738 -63.815350
-5.394629 -56.601153
-9.273377 -38.445972
-11.366484 -12.841126
-11.267281 15.278581
-8.991939 40.485933
-4.976919 57.908767
0.004747 64.171670
4.992288 58.049899
9.022488 40.708842
11.315706 15.482212
11.426694 -12.768826
9.331043 -38.592387
5.430469 -56.997963
0.475812 -64.420848
-4.577490 -59.412516
-8.753650 -42.923261
-11.244946 -18.121931
-11.567949 10.213024
-9.657321 36.614209
-5.879009 55.980233
-0.960157 64.561426
4.150831 60.685832
8.467155 45.084948
11.154135 20.755724
11.690627 -7.615137
9.970086 -34.553995
6.321718 -54.856306
1.447489 -64.592121
-3.712933 -61.866797
-8.163327 -47.189675
-11.043238 -23.378995
-11.794339 4.979236
-10.268672 32.414508
-6.757779 53.627101
-1.936996 64.511829
3.264442 62.952491
7.842523 49.233269
10.912251 25.987124
11.878726 -2.309499
10.552428 -30.198675
7.186375 -52.293726
2.427857 -64.319624
-2.806029 -63.940131
-7.505134 -51.211625
-10.761210 -28.575473
-11.943456 -0.389798
-10.820722 27.909583
-7.606697 50.857480
-2.919239 64.014765
2.338390 64.827077
7.151583 53.120708
10.590181 31.139394
11.988229 3.114289
11.072945 -25.550472
8.017941 -49.319853
3.410300 -63.596697
-1.862240 -65.610834
-6.782322 -54.956565
-10.399269 -33.674234
-12.012778 -5.859521
-11.308508 23.124736
-8.419313 47.682522
-3.900191 63.065056
1.378320 66.289065
6.397838 56.715332
10.188610 36.175347
12.016866 8.620963
11.526846 -20.635917
8.810025 -45.947352
4.388056 -62.419670
-0.887388 -66.859588
-5.998647 -58.393241
-9.958380 -38.638103
-12.000290 -11.394014
-11.727416 18.087696
-9.189303 44.116395
-4.873037 61.660560
0.390224 67.320390
5.585297 59.986625
9.708787 41.057889
11.962880 14.174006
11.909704 -15.483896
9.556383 -42.191889
5.354269 -60.787945
0.112377 -67.669626
-5.158363 -61.491930
-9.440075 -43.430126
-11.904502 -16.956217
-12.073220 12.828469
-9.910517 40.176251
-5.830888 59.802240
-0.619601 67.905623
4.718451 62.905718
9.152525 45.750271
11.825055 19.735874
12.217503 -10.125497
10.250970 -38.072082
6.302028 -58.704061
1.130617 -68.026891
-4.266195 -64.224676
-8.846452 -48.013828
-11.724474 -22.508165
-12.342119 7.379179
-10.577024 35.882158
-6.766825 57.494220
-1.644582 68.032122
3.802255 65.445624
8.522204 50.216354
11.602729 25.268243
12.446666 -4.593833
10.887980 -33.609431
7.224418 -56.173734
2.160639 -67.920194
-3.327319 -66.565519
-8.180167 -52.353470
-11.459829 -28.011235
-12.530772 1.773882
-11.183158 31.257022
-7.673949 54.743815
-2.677918 67.690178
2.842100 67.581463
7.820760 54.420868
11.295815 30.732251
12.594094 1.076146
11.461897 -28.828221
8.114567 -53.205880
3.195540 -67.341339
-2.347334 -68.490710
-7.444434 -56.414317
-11.110770 -33.426394
-12.636326 -3.951629
-11.723560 26.326481
-8.545426 51.561543
-3.712617 66.873138
1.843784 69.290671
7.051677 58.329675
10.904808 36.088765
12.657192 6.847858
11.967532 -23.755412
8.965692 -49.812617
4.228252 -66.285239
-1.332232 -69.978920
-6.643008 -60.162893
-10.678087 -38.714471
-12.656451 -9.760041
-12.193224 21.118780
-9.374538 47.961114
-4.741543 65.577508
0.813483 70.553201
6.218977 61.910027
10.430796 41.298639
12.633899 12.683314
12.400072 -18.420499
9.771151 -46.009239
5.251584 -64.750015
-0.288362 -71.011434
-5.780170 -63.567240
-10.163164 -43.836417
-12.589364 -15.612747
-12.587538 15.664627
-10.154731 43.959395
-5.757465 63.803039
-0.242288 71.351715
5.327199 65.130817
9.875459 46.322989
12.522712 18.543351
12.755115 -12.855360
10.524490 -41.814174
6.258273 -62.737067
0.777605 -71.572330
-4.860710 -66.597166
-9.567983 -48.753582
-12.433848 -21.470091
-12.902322 9.997027
-10.879661 39.576358
-6.753099 61.552794
-1.316712 71.671751
4.381377 67.962830
9.241077 51.123469
12.322710 24.387885
13.028711 -7.094081
11.219492 -37.248915
7.241032 -60.251127
1.858717 -71.648645
-3.889902 -69.224490
-8.895117 -53.427988
-12.189278 -27.291621
-13.133864 4.151096
-11.543249 34.834995
-7.721164 58.833185
-2.402712 71.501879
3.387016 70.378977
8.530517 55.662541
12.033566 30.176163
13.217398 -1.172760
11.850221 -32.337930
8.192596 -57.300295
2.947781 -71.230519
-2.873476 -71.423275
-8.147727 -57.822608
-11.855631 -33.036355
-13.278960 -1.836135
-12.139719 29.761225
-8.654430 55.653998
-3.492994 70.833841
2.350065 72.354528
7.747232 59.903754
11.655565 35.867039
13.318235 4.870699
12.411076 -27.108555
9.105779 -53.896043
4.037414 -70.311326
-1.817590 -73.170050
-7.329552 -61.901637
-11.433502 -38.663053
-13.334941 -7.925949
-12.663650 24.383764
-9.545765 52.028388
-4.580095 69.662669
1.276881 73.867325
6.895242 63.812018
11.189613 41.419248
13.328834 10.996820
12.896828 -21.590853
9.973521 -50.053200
5.120084 -68.887779
-0.728790 -74.444020
-6.444891 -65.630766
-10.924108 -44.130495
-13.299704 -14.078171
-13.110020 18.733983
-10.388194 47.972852
-5.656427 67.986781
0.174193 74.897985
5.979121 67.353870
10.637239 46.791692
13.247381 17.164793
13.302669 -15.817462
10.788943 -45.789920
6.188164 -66.960019
0.386019 -75.227264
-5.498587 -68.977445
-10.329295 -49.397774
-13.171735 -20.251420
-13.474246 12.845743
-11.174944 43.507182
-6.714336 65.808056
-0.950934 75.430092
5.003975 70.497740
10.000604 51.943724
13.072670 23.332733
13.624253 -9.823418
11.545391 -41.127614
7.233981 -64.531679
1.519624 -75.504911
-4.496002 -71.911147
-9.651535 -54.424578
-12.950134 -26.403373
-13.752224 6.755208
-11.899497 38.654389
-7.746142 63.131893
-2.091145 75.450363
3.975416 73.214205
9.282492 56.835439
12.804113 29.457948
13.857729 -3.645960
12.236495 -36.090869
8.249866 -61.609928
2.664539 -75.265303
-3.442993 -74.403614
-8.893921 -59.171483
-12.634634 -32.491041
-13.940371 0.500637
-12.555641 33.440607
-8.744204 59.967235
-3.238838 74.948800
2.899537 75.476233
8.486304 61.427969
12.441762 35.497220
13.999787 2.675687
12.856213 -30.707336
9.228213 -58.205487
3.813059 -74.500139
-2.345877 -76.429097
-8.060160 -63.600246
-12.225608 -38.471049
-14.035653 -5.877838
-13.137517 27.894971
-9.700961 56.326580
-4.386214 73.918827
1.782871 77.259416
7.616047 65.683764
11.986319 41.407094
14.047681 9.100545
13.398882 -25.007598
10.161526 -54.332626
4.957304 -73.204594
-1.211398 -77.964586
-7.154557 -67.674085
-11.724088 -44.299935
-14.035623 -12.338454
-13.639667 22.049475
-10.608998 52.225960
-5.525325 72.357398
0.632362 78.542192
6.676318 69.566885
11.439144 47.144174
13.999268 15.586133
13.859260 -19.025018
11.042480 -50.009130
6.089270 -71.377423
-0.046688 -78.990017
-6.181995 -71.357970
-11.131762 -49.934445
-13.938446 -18.838078
-14.057081 15.938803
-11.461091 47.684900
-6.648128 70.265085
-0.544678 79.306046
5.672284 73.043279
10.802257 52.665424
13.853028 22.088729
14.232579 -12.795556
11.863967 -45.256245
7.200887 -69.021034
1.140772 -79.488471
-5.147917 -74.618894
-10.450984 -55.331837
-13.742924 -25.332474
-14.385238 9.600145
-12.250265 42.726349
-7.746537 67.646150
-1.740613 79.535698
4.609657 76.081051
10.078339 57.928472
13.608089 28.563656
14.514576 -6.357575
12.619158 -40.098601
8.284070 -66.141547
2.343203 -79.446350
-4.058296 -77.426143
-9.684761 -60.450186
-13.448517 -31.776589
-14.620147 3.072981
-12.969846 37.376590
-8.812481 64.508576
-2.947530 79.219273
3.494661 78.650731
9.270725 62.891919
13.264246 34.965564
14.701542 0.248380
13.301548 -34.564102
9.330773 -62.748819
3.552569 -78.853537
-2.919605 -79.751550
-8.836750 -65.248695
-13.055358 -38.124855
-14.758388 -3.601139
-13.613513 31.665115
-9.837955 60.864094
-4.157286 78.348445
2.334007 80.725518
8.383393 67.515641
12.821975 41.248736
14.790353 6.979821
13.905013 -28.683796
10.333049 -58.856450
4.760635 -77.703531
-1.738778 -81.569741
-7.911248 -69.687991
-12.564266 -44.331486
-14.797142 -10.378853
-14.175351 25.624492
-10.815084 56.728167
-5.361563 76.918566
1.134849 82.281522
7.420949 71.761095
12.282441 47.367398
14.778504 13.792574
14.423857 -22.491727
11.283105 -54.481758
5.959013 -75.993561
-0.523178 -82.858366
-6.913167 -73.730431
-11.976756 -50.350795
-14.734225 -17.215243
-14.649893 19.290193
-11.736173 52.119960
-6.551920 74.928768
-0.095255 83.297985
6.388609 75.591612
11.647506 53.276033
14.664138 20.641049
14.852857 -16.024747
12.173362 -49.645736
7.139222 -73.724681
0.719450 -83.598307
-5.848018 -77.340394
-11.295036 -56.137515
-14.568115 -24.064121
-15.032176 12.700403
-12.593767 47.062271
-7.719851 72.382041
-1.348387 83.757481
5.292172 78.972688
10.919728 58.929700
14.446074 27.478535
15.187315 -9.322324
12.996504 -44.372971
8.292744 -70.901832
1.981027 -83.773878
-4.721882 -80.484566
-10.522011 -61.647114
-14.297974 -30.878325
-15.317776 5.895815
-13.380709 41.581454
-8.856839 69.285287
-2.616317 83.646104
4.137992 81.872268
10.102355 64.284358
14.123823 34.257494
15.423097 -2.426315
13.745542 -38.691550
9.411080 -67.533884
3.253186 -83.372996
-3.541378 -83.132215
-9.661273 -66.836120
-13.923669 -37.610022
-15.502855 -1.080611
-14.090190 35.707295
-9.954419 65.649349
-3.890553 82.953633
2.932946 84.261011
9.199320 69.297186
13.697610 40.929879
15.556668 4.619279
14.413866 -32.632926
10.485814 -63.633653
4.527325 -82.387335
-2.313631 -85.255455
-8.717091 -71.662447
-13.445785 -44.211032
-15.584196 -8.183896
-14.715810 29.472877
-11.004235 61.489011
-5.162398 81.673671
1.684396 86.112546
8.215224 73.926908
13.168383 47.447456
15.585138 11.768571
14.995294 -26.231771
11.508666 -59.217883
5.794663 -80.812457
-1.046229 -86.829492
-7.694394 -76.085704
-12.865635 -50.633148
-15.559238 -15.367320
-15.251622 22.914414
-11.998103 56.822970
-6.423003 79.803764
0.400145 87.403714
7.155317 78.134102
12.537821 53.762133
15.506285 18.974076
15.484130 -19.525792
12.471558 -54.307211
7.046298 -78.647917
0.252819 -87.832855
-6.598747 -80.067515
-12.185265 -56.828476
-15.426108 -22.582704
-15.692189 16.071060
-12.928064 51.673783
-7.663426 77.345496
-0.911605 88.114787
6.025475 81.881511
11.808337 59.826295
15.318587 26.187004
15.875207 -12.555536
13.366671 -48.926095
8.273265 -75.897340
1.575133 -88.247612
-5.436329 -83.571820
-11.407454 -62.749769
-15.183644 -29.780725
-16.032627 8.984695
-13.786452 46.067786
-8.874693 74.304549
-2.242305 88.229673
4.832172 85.134345
10.983076 65.593148
15.021249 33.357574
16.163935 -5.364158
14.186504 -43.102722
9.466595 -72.568481
2.912007 -88.059557
-4.213901 -86.565169
-10.535710 -68.350766
-14.831419 -36.911227
-16.268653 1.699687
-14.565948 40.034986
-10.047859 70.690754
-3.583109 87.736098
3.582445 87.860565
10.065906 71.017050
14.614217 40.435340
16.346346 2.002826
14.923933 -36.868881
10.617382 -68.673244
4.254469 -87.258383
-2.938767 -89.017004
-9.574257 -73.586532
-14.369757 -43.923557
-16.396621 -5.737366
-15.259637 33.608918
-11.174070 66.518090
-4.924932 86.625759
2.283858 90.031162
9.061403 76.053857
14.098197 47.369526
16.419130 9.497807
15.572267 -30.259815
11.716842 -64.227684
5.593335 -85.837831
-1.618739 -90.899929
-8.528024 -78.413796
-13.799745 -50.766905
-16.413566 -13.277918
-15.861065 26.826488
-12.244628 61.804677
-6.258506 84.894467
0.944457 91.620414
7.974840 80.661253
13.474660 54.109374
16.379671 17.071374
16.125304 -23.314044
12.756375 -59.251973
6.919268 -83.795805
-0.262088 -92.189955
-7.402617 -82.791280
-13.123244 -57.390650
-16.317232 -20.871769
-16.364293 19.727777
-13.251050 56.572727
-7.574441 82.542248
-0.427272 92.606125
6.812157 84.799080
12.745852 60.604492
16.226082 24.672621
16.577380 -16.073157
13.727634 -53.770341
8.222842 -81.134471
1.122501 -92.866737
-6.204303 -86.680024
-12.342885 -63.744718
-16.106104 -28.467387
-16.763948 12.355828
-14.185135 50.848465
-8.863290 79.573424
-1.822459 92.969852
5.579936 88.429656
11.914791 66.805212
15.957228 32.249470
16.923422 -8.581590
14.622581 -47.810988
9.494605 -77.860325
2.525983 -92.913782
-4.939972 -90.043702
-11.462068 -69.779937
-15.779434 -36.012232
-17.055268 4.756403
-15.039027 44.662033
-10.115611 75.996671
-3.231897 92.697100
4.285365 91.518084
10.985260 72.662947
15.572751 39.749007
17.158994 -0.886368
15.433553 -41.405960
10.725140 -73.984228
3.939007 -92.318638
-3.617103 -92.848922
-10.484957 -75.448395
-15.337257 -43.453107
-17.234151 -3.022278
-15.805269 38.047350
-11.322033 71.825039
-4.646106 91.777500
2.936205 94.032548
9.961796 78.130549
15.073084 47.117837
17.280337 6.963170
16.153318 -34.591008
11.905138 -69.521416
5.351976 -91.073058
-2.243725 -95.065513
-9.416460 -80.703797
-14.780411 -50.736506
-17.297194 -10.929828
-16.476872 31.041952
-12.473321 67.075946
-6.055390 90.204962
1.540743 95.944593
8.849675 83.162662
14.459469 54.302440
17.284412 14.915664
16.775139 -27.405408
13.025458 -64.491482
6.755111 -89.173138
-0.828371 -96.666799
-8.262212 -85.501812
-14.110540 -57.808988
-17.241730 -18.913997
-17.047364 23.686803
-13.560445 61.771144
-7.449899 87.977796
0.107746 97.229384
7.654885 87.716070
13.733957 61.249541
17.168934 22.918056
17.292827 -19.891756
14.077196 -58.918317
8.138510 -86.619429
0.619970 -97.629849
-7.028551 -89.800425
-13.330105 -64.617538
-17.065861 -26.920999
-17.510849 16.026075
-14.574646 55.936647
-8.819697 85.098813
-1.353591 97.865950
6.384107 91.750040
12.899417 67.906482
16.932398 30.915917
17.700792 -12.095742
15.051752 -52.830037
9.492217 -83.417016
2.091910 -97.935706
-5.722488 -93.560266
-12.442379 -71.109950
-16.768485 -34.895853
-17.862060 8.106908
-15.507499 49.602640
-10.154828 81.575388
-2.833700 97.837402
5.044670 95.226649
11.959524 74.221602
16.574111 38.853805
17.994099 -4.065886
15.940895 -46.258861
10.806293 -79.575572
3.577715 -97.569599
-4.351667 -96.744938
-11.451439 -77.235199
-16.349321 -42.782743
-18.096402 -0.020863
-16.350981 42.803344
-11.445382 77.419498
-4.322696 97.131132
3.644526 98.111100
10.918756 80.144608
16.094209 46.675622
18.168509 4.146735
16.736826 -39.240973
12.070877 -75.109382
5.067368 -96.521122
-2.924330 -99.321323
-10.362158 -82.943819
-15.808925 -50.525388
-18.210005 -8.304998
-17.097534 35.576860
-12.681569 72.647729
-5.810445 95.738976
2.192194 100.372027
9.782374 85.626954
15.493671 54.324995
18.220525 12.488799
17.432241 -31.816344
13.276265 -70.037327
6.550632 -94.784393
-1.449267 -101.259874
-9.180181 -88.188277
-15.148703 -58.067418
-18.199756 -16.691172
-17.740123 27.964979
-13.853786 67.281248
-7.286626 93.657364
0.696723 101.981774
8.556401 90.622209
14.774331 61.745661
18.147432 20.905058
18.020391 -24.028531
14.412973 -64.382846
8.017119 -92.358179
0.064231 -102.534893
-7.911903 -92.923335
-14.370918 -65.352771
-18.063341 -25.123305
-18.272299 20.012966
-14.952688 61.345749
-8.740799 90.887426
-0.832367 102.916660
7.247598 95.086419
13.938880 68.881852
17.947325 29.338689
18.495140 -15.924444
15.471812 -58.173860
9.456355 -89.245996
1.606429 -103.124777
-6.564442 -97.106411
-13.478688 -72.326077
-17.799276 -33.543920
-18.688253 11.769309
-15.969256 54.871355
-10.162475 87.435080
-2.385140 103.157219
5.863429 98.978460
12.990864 75.678699
17.619143 37.731654
18.851019 -7.554083
16.443953 -51.442669
10.857853 -85.456175
3.167204 -103.012250
-5.145598 -100.697923
-12.475985 -78.933063
-17.406930 -41.894511
-18.982867 3.285451
-16.894869 47.892501
-11.541188 83.311080
-3.951306 102.688417
4.412024 102.260376
11.934678 82.082623
17.162693 46.025079
19.083274 1.029744
17.320999 -44.225804
12.211187 -81.001899
4.736113 -102.184565
-3.663818 -103.661622
-11.367623 -85.120946
-16.886548 -50.115934
-19.151766 -5.384513
-17.721370 40.447778
-12.866569 78.531038
-5.520281 101.499838
2.902132 104.897702
10.775549 88.041733
16.578663 54.159645
19.187919 9.771734
18.095047 -36.563865
13.506063 -75.901204
6.302452 -100.633681
-2.128147 -105.964904
-10.159238 -90.838826
-16.239266 -58.148796
-19.191360 -14.184159
-18.441129 32.579742
-14.128416 73.115404
-7.081260 99.585848
1.343078 106.859772
9.519518 93.506220
15.868639 62.075990
19.161771 18.614428
18.758757 -28.501313
14.732392 -70.176944
7.855331 -98.356405
-0.548174 -107.579112
-8.857268 -96.038077
-15.467122 -65.933867
-19.098885 -23.055078
-19.047110 24.334700
-15.316773 67.089424
-8.623285 96.945728
-0.255292 108.120003
8.173412 98.428736
15.035110 69.715119
19.002492 27.498559
19.305410 -20.086238
15.880366 -63.856734
9.383742 -95.354511
1.066017 -108.479803
-7.468922 -100.672726
-14.573055 -73.412494
-18.872438 -31.937243
-19.532925 15.762460
-16.421999 60.483052
-10.135319 93.583767
-1.882675 108.656157
6.744814 102.764775
14.081465 77.018820
18.708623 36.363436
19.728969 -11.370095
16.940531 -56.972841
10.876636 -91.634825
2.703913 -108.647004
-6.002146 -104.699823
-13.560905 -80.527012
-18.511006 -40.769393
-19.892901 6.916053
-17.434845 53.330839
-11.606317 89.509335
-3.528363 108.450581
5.242022 106.473031
13.011993 83.930084
18.279604 45.147330
20.024131 -2.407416
17.903858 -49.562059
12.322995 -87.209269
4.354634 -108.065433
-4.465583 -108.079795
-12.435405 -87.221167
-18.014492 -49.489435
-20.122121 -2.148571
-18.346520 45.671777
-13.025309 84.736915
-5.181320 107.490415
3.674010 109.515750
11.831866 90.393517
17.715804 53.787884
20.186382 6.744512
18.761815 -41.665533
13.711913 -82.094882
6.007001 -106.724698
-2.868523 -110.776786
-11.202161 -93.440531
-17.383732 -58.034853
-20.216481 -11.372873
-19.148766 37.549118
-14.381472 79.286096
-6.830244 105.767774
2.050375 111.859056
10.547121 96.355759
17.018529 62.222533
20.212039 16.025990
19.506435 -33.328567
15.032671 -76.313798
7.649609 -104.619459
-1.220856 -112.758980
-9.867634 -99.132916
-16.620505 -66.343140
-20.172732 -20.696083
-19.833924 29.010154
-15.664210 73.181543
-8.463646 103.279898
0.381284 113.473261
9.164636 101.765893
16.190034 70.388933
20.098294 25.375270
20.130381 -24.600382
16.274813 -69.893194
9.270901 -101.749566
0.466989 -113.998890
-8.439112 -104.248773
-15.727545 -74.352225
-19.988517 -30.055576
-20.394997 20.105972
-16.863229 66.452920
-10.069920 100.029272
-1.322587 114.333154
7.692097 106.575841
15.233528 78.225396
19.843250 34.728949
20.627011 -15.533856
17.428230 -62.865194
10.859246 -98.120160
2.184104 -114.473643
-6.924672 -108.741594
-14.708532 -82.000910
-19.662405 -39.387270
-20.825711 10.891167
-17.968619 59.134782
-11.637426 96.023708
-3.050113 114.418258
6.137963 110.740754
14.153165 85.671328
19.445951 44.022370
20.990436 -6.185227
18.483229 -55.266745
12.403014 -93.741734
3.919166 -114.165218
-5.333141 -112.568282
-13.568093 -89.229317
-19.193922 -48.626041
-21.120576 1.423538
-18.970927 51.266428
-13.154569 91.276392
-4.789794 113.713064
4.511418 114.219385
12.954039 92.667672
18.906409 53.190050
21.215576 3.386230
19.430614 -47.139455
13.890663 -88.630171
5.660513 -113.060668
-3.674050 -115.689526
-12.311783 -95.979323
-18.583568 -57.706154
-21.274935 -8.236253
-19.861229 42.891723
-14.609879 85.805898
-6.529822 112.207236
2.822327 116.974440
11.642162 99.157348
18.225618 62.166113
21.298209 13.118560
20.261754 -38.529393
15.310815 -82.806733
7.396212 -111.152310
-1.957581 -118.070138
-10.946067 -102.194994
-17.832837 -66.561706
-21.285013 -18.025049
-20.631208 34.058882
-15.992090 79.636166
-8.258161 109.895777
1.081176 118.972919
10.224443 105.085681
17.405570 70.884743
21.235020 22.947498
20.968658 -29.486857
16.652342 -76.298018
9.114142 -108.437872
-0.194511 -119.679379
-9.478290 -107.823021
-16.944221 -75.127081
-21.147963 -27.877579
-21.273216 24.820220
-17.290230 72.796433
-9.962623 106.779175
-0.700985 120.186419
8.708657 110.400829
16.449260 79.280637
21.023638 32.806874
21.544042 -20.066105
17.904443 -69.135879
10.802070 -104.920621
1.603855 -120.491256
-7.916646 -112.813134
-15.921216 -83.337406
-20.861900 -37.726880
-21.780346 15.231865
-18.493695 65.321139
-11.630951 102.863496
-2.512613 120.591426
7.103406 115.054196
15.360683 87.289470
20.662671 42.629033
21.981390 -10.325060
19.056731 -61.357308
12.447736 -100.609441
3.425750 -120.484797
-6.270136 -117.118511
-14.768315 -91.129017
-20.425935 -47.504716
-22.146490 5.353449
-19.592330 57.249785
-13.250902 98.160454
-4.341735 120.169569
5.418079 119.000831
14.144827 94.848354
20.151739 52.345276
22.275018 -0.324976
20.099308 -53.004271
14.038934 -95.518886
5.259017 -119.644288
-4.548523 -120.696167
-13.490995 -98.439923
-19.840198 -57.142036
-22.366400 -4.752241
-20.576515 48.626758
-14.810331 92.687441
-6.176028 118.907845
3.662798 122.199808
12.807655 101.896309
19.491490 61.886313
22.420125 9.869921
21.022845 -44.123523
15.563604 -89.669179
7.091185 -117.959486
-2.762275 -123.507326
-12.095702 -105.210265
-19.105860 -66.569430
-22.435737 -15.019635
-21.437232 39.501119
-16.297281 86.467510
-8.002895 116.798814
1.848365 124.614590
11.356088 108.374714
18.683618 71.182733
22.412847 20.192818
21.818658 -34.766368
17.009911 -83.086193
8.909553 -115.425794
-0.922513 -125.517772
-10.589822 -111.382773
-18.225141 -75.717604
-22.351123 -25.380782
-22.166148 29.926351
-17.700063 79.529330
-9.809549 113.840758
-0.013800 126.213361
9.797969 114.227761
17.730873 80.165480
22.250300 30.574731
22.478779 -24.988398
18.366335 -75.801369
10.701269 -112.044403
0.959061 -126.698170
-8.981648 -116.903214
-17.201320 -84.517864
-22.110177 -35.765774
-22.755679 19.960078
-19.007349 71.907091
-11.583097 110.037801
-1.911728 126.969343
8.142031 119.402897
16.637058 88.766342
21.930620 40.944940
22.996027 -14.849187
19.621758 -67.851614
12.453419 -107.822394
2.870229 -127.024367
-7.280341 -121.720821
-16.038726 -92.902600
-21.711559 -46.103191
-23.199060 9.663740
-20.208249 63.640379
-13.310625 105.399997
-3.832970 126.861075
6.397851 123.851250
15.407029 96.918435
21.452993 51.231441
23.364070 -4.411956
20.765545 -59.279149
14.153112 -102.772801
4.798333 -126.477657
-5.495883 -125.788716
-14.742735 -100.805775
-21.154989 -56.320568
-23.490408 -0.897752
-21.292405 54.774000
-14.979290 99.943370
-5.764679 125.872664
4.575803 127.528034
14.046676 104.556692
20.817683 61.361427
23.577487 6.256792
21.787630 -50.131315
15.787576 -96.914639
6.730353 -125.045015
-3.639024 -129.064307
-13.319747 -108.163417
-20.441280 -66.344873
-23.624780 -11.656404
-22.250063 45.357775
-16.576409 93.689919
-7.693685 123.994002
2.686998 130.392944
12.562905 111.618353
20.026052 71.261770
23.631825 17.087674
22.678595 -40.460349
17.344241 -90.272885
8.652993 -122.719297
-1.721221 -131.509666
-11.777166 -114.914094
-19.572344 -76.103008
-23.598223 -22.541548
-23.072161 35.446289
-18.089550 86.667583
-9.606585 121.220951
0.743225 132.410518
10.963609 118.043437
19.080569 80.859522
23.523643 28.008846
23.429749 -30.323115
18.810835 -82.878420
10.552764 -119.499403
0.245424 -133.091879
-10.123367 -120.999395
-18.551208 -85.522306
-23.407821 -33.480278
-23.750397 25.098608
-19.506623 78.910163
-11.489829 117.555481
-1.243123 133.550474
9.257633 123.775215
17.984815 90.082428
23.250561 38.946457
24.033199 -19.780798
20.175472 -74.767931
12.416078 -115.390401
2.248240 -133.783376
-8.367653 -126.364388
-17.382009 -94.531048
-23.051737 -44.397915
-24.277307 14.377953
-20.815970 70.457194
-13.329812 113.005777
-3.259115 133.788022
7.454730 128.760665
16.743480 98.859433
22.811293 49.825119
24.481927 -8.898566
21.426743 -65.983764
14.229335 -110.403611
4.274062 -133.562217
-6.520216 -130.958070
-16.069987 -103.058975
-22.529245 -55.218486
-24.646329 3.351343
-22.006454 61.353789
-15.112964 107.586303
-5.291370 133.104142
5.565513 132.950910
15.362353 107.121203
22.205681 60.568402
24.769845 2.254808
22.553806 -56.573747
15.979022 -104.556645
6.309311 -132.412360
-4.592075 -134.733792
-14.621473 -111.037803
-21.840759 -65.865231
-24.851870 -7.910793
-23.067546 51.650434
-16.825849 101.317822
-7.326135 131.485824
3.601396 136.301634
13.848302 114.800631
21.434712 71.099340
24.891865 13.607345
23.546468 -46.590959
17.651803 -97.873409
8.340081 -130.323880
-2.595021 -137.649672
-13.043865 -118.401733
-20.987845 -76.261110
-24.889359 -19.335040
-23.989411 41.402734
-18.455260 94.227371
-9.349374 128.926275
1.574531 138.773479
12.209247 121.833353
20.500538 81.340955
24.843948 25.084307
24.395269 -36.093465
19.234620 -90.384057
10.352231 -127.293158
-0.541551 -139.668970
-11.345596 -125.087956
-19.973243 -86.329338
-24.755300 -30.845448
-24.762987 30.671138
-19.988310 86.348198
-11.346862 125.425087
-0.502261 140.332414
10.454124 128.158239
19.406484 91.216789
24.623153 36.608652
25.091565 -25.144012
20.714785 -82.124902
12.331476 -123.323027
1.555210 -140.760445
-9.536098 -131.037145
-18.800859 -95.993920
-24.447318 -42.364008
-25.380064 19.520605
-21.412533 77.719651
-13.304278 120.988360
-2.615569 140.950069
8.592847 133.717881
18.157041 100.651445
24.227679 48.101527
25.627600 -13.809683
22.080076 -73.138288
14.263481 -118.422877
3.681582 -140.898675
-7.625753 -136.193929
-17.475772 -105.180191
-23.964195 -53.811152
-25.833357 8.020246
-22.715976 68.387021
-15.207302 115.628787
-4.751467 140.604043
6.636254 138.459063
16.757867 109.571125
23.656900 59.482780
25.996578 -2.161515
23.318833 -63.472406
16.133966 -112.608714
5.823418 -140.064349
-5.625840 -140.507358
-16.004211 -113.815359
-23.305903 -65.106275
-26.116575 -3.757078
-23.887292 58.401345
-17.041714 109.365695
-6.895607 139.278175
4.596052 142.333209
15.215762 117.904176
22.911391 70.671488
26.192728 9.725911
24.420044 -53.181077
17.928800 -105.903182
7.966191 -138.244513
-3.548479 -143.931337
-14.393542 -121.829043
-22.473625 -76.168271
-26.224484 -15.735183
-24.915829 47.819164
-18.793497 102.225035
-9.033308 136.962773
2.484753 145.296808
13.538647 125.581626
21.992946 81.586499
26.211364 21.774927
25.373438 -42.323488
19.634102 -98.335526
10.095088 -135.432786
-1.406554 -146.425040
-12.652234 -129.153810
-21.469771 -86.916086
-26.152960 -27.835031
-25.791719 36.702235
-20.448936 94.239331
-11.149649 133.654809
0.315601 147.311816
11.735530 132.537711
20.904594 92.146998
26.048939 33.905248
26.169572 -30.963885
21.236346 -89.941525
12.195107 -131.629530
0.786351 -147.953293
-10.789824 -135.725696
-20.297986 -97.269279
-25.899043 -39.975217
-26.505959 25.117205
-21.994716 85.447583
-13.229572 129.358066
-1.897506 148.346018
9.816467 138.710395
19.650595 102.273064
25.703091 46.034479
26.799905 -19.171227
22.722458 -80.763366
14.251157 -126.841974
3.016040 -148.486928
-8.816870 -141.484717
-18.963145 -107.148594
-25.460978 -52.072491
-27.050495 13.135245
-23.418027 75.895121
-15.257979 124.083243
-4.140095 148.373370
7.792505 144.041868
18.236438 111.886243
25.172681 58.078648
27.256882 -7.018795
24.079915 -70.849473
16.248161 -121.084302
5.267789 -148.003099
-6.744899 -146.375361
-17.471349 -116.476527
-24.838252 -64.042297
-27.418288 0.831644
-24.706659 65.633415
-17.219838 117.848016
-6.397212 147.374295
5.675635 148.479031
16.668829 120.910125
24.457827 69.952755
27.534003 5.416226
25.296844 -60.254299
18.171159 -114.377685
7.526437 -146.485563
-4.586346 -150.347054
-15.829901 -125.177897
-24.031619 -75.799331
-27.603390 -11.714633
-25.849101 54.719831
-19.100289 110.677047
-8.653515 145.335943
3.478718 151.973952
14.955661 129.270902
23.559925 81.571340
27.625886 18.053210
26.362116 -49.038057
20.005416 -106.750269
9.776485 -143.924916
-2.354484 -153.354612
-14.047278 -133.180414
-23.043120 -87.258122
-27.601003 -24.421421
-26.834630 43.217355
-20.884749 102.601950
-10.893371 142.252409
1.215420 154.484296
13.105990 136.897938
22.481664 92.849065
27.528328 30.808579
27.265439 -37.266421
21.736528 -98.237115
12.002193 -140.318797
-0.063348 -155.358653
-12.133103 -140.415231
-21.876096 -98.333616
-27.407531 -37.203862
-27.653402 31.194260
-22.559020 93.661208
-13.100961 138.124910
-1.099873 155.973730
11.129990 143.724313
21.227036 103.701307
27.238357 43.596329
27.997440 -25.010172
23.350527 -88.880090
14.187687 -135.672034
2.272345 -156.325982
-10.098089 -146.817490
-20.535186 -108.941772
-27.020634 -49.974940
-28.296540 18.723738
-24.109389 83.900033
-15.260383 132.961912
-3.452137 156.412285
9.038904 149.687362
19.801327 114.044763
26.754273 56.328573
28.549755 -12.344809
24.833987 -78.727709
16.317066 -129.996748
4.637287 -156.229941
-7.953996 -152.326847
-19.026322 -119.000170
-26.439267 -62.646042
-28.756210 5.883487
-25.522742 73.370188
-17.355764 126.779209
-5.825803 155.776691
6.844989 154.729188
18.211111 123.798042
26.075691 68.916117
28.915100 0.649884
26.174126 -67.834925
18.374512 -123.312417
7.015671 -155.050718
-5.713563 -156.887975
-17.356714 -128.428604
-25.663707 -75.127542
-29.025697 -7.244740
-26.786657 62.129754
-19.371367 119.599959
-8.204854 154.050661
4.561452 158.797155
16.464227 132.882274
25.203561 81.269052
29.087348 13.890306
27.358909 -56.262874
20.344399 -115.645875
9.391296 -152.775617
-3.390442 -160.451047
-15.534823 -137.149685
-24.695584 -87.329398
-29.099476 -20.575621
-27.889509 50.242846
-21.291705 111.454663
-10.572927 151.225147
2.202370 161.844354
14.569749 141.221699
24.140192 93.297360
29.061586 27.289548
28.377144 -44.078572
22.211406 -107.031272
11.747665 -149.399283
-0.999120 -162.972180
-13.570327 -145.089430
-23.537890 -99.161772
-28.973265 -34.020792
-28.820562 37.779290
-23.101653 102.381097
-12.913420 147.298531
-0.217382 163.830038
12.537948 148.744256
22.889263 104.911537
28.834181 40.757924
29.218576 -31.354560
23.960630 -97.509976
14.068098 -144.923878
1.445165 -164.413863
-11.474075 -152.177840
-22.194987 -110.535651
-28.644088 -47.489393
-29.570065 24.814248
-24.786558 92.424186
-15.209603 142.276790
-2.682224 164.720023
10.380241 155.382147
21.455820 116.023221
28.402824 54.203547
29.873977 -18.168515
25.577696 -87.130430
16.335843 -139.359216
3.926515 -164.745330
-9.258042 -158.349459
-20.672605 -121.363485
-28.110314 -60.888654
-30.129333 11.427799
-26.332349 81.635837
-17.444730 136.173592
-5.175965 164.487049
8.109139 161.072393
19.846270 126.545829
27.766572 67.532916
30.335228 -4.602805
27.048867 -75.947948
18.534188 -132.722837
6.428469 -163.942908
-6.935257 -163.543917
-18.977824 -131.559813
-27.371699 -74.124496
-30.490833 -2.295517
-27.725649 70.074710
-19.602154 129.010356
-7.681900 163.111106
5.738178 165.757363
18.068361 136.395185
26.925885 80.651533
30.595398 9.255985
28.361150 -64.024466
20.646582 -125.040037
8.934107 -161.990318
-4.519743 -167.706445
-17.119055 -141.041903
-26.429410 -87.102164
-30.648255 -16.267203
-28.953878 57.805944
-21.665447 120.816249
-10.182921 160.579707
3.281845 169.385271
16.131158 145.490154
25.882644 93.464542
30.648815 23.317578
29.502403 -51.428245
22.656749 -116.343842
11.426158 -158.878926
-2.026432 -170.788361
-15.106004 -149.730372
-25.286048 -99.726861
-30.596578 -30.395339
-30.005356 44.900830
-23.618516 111.628136
-12.661622 156.888125
0.755498 171.910653
14.045002 153.753259
24.640170 105.877373
30.491127 37.488553
30.461434 -38.233512
24.548808 -106.674926
13.887110 -154.607953
0.528917 -172.747525
-12.949636 -157.549801
-23.945653 -111.904410
-30.332135 -44.585148
-30.869402 31.436436
-25.445720 101.490470
-15.100416 152.039568
-1.824727 173.294799
11.821463 161.111289
23.203226 117.796405
30.119361 51.672932
31.228096 -24.520070
26.307388 -96.081484
16.299333 -149.184632
3.129810 -173.548757
-10.662114 -164.429335
-22.413709 -123.541914
-29.852658 -58.739607
-31.536426 17.495185
-27.131988 90.455134
-17.481656 146.045318
-4.442007 173.506152
9.473286 167.495888
21.578012 129.129634
29.531968 65.772797
31.793378 -10.372846
27.917746 -84.619032
18.645191 -142.624310
5.759124 -173.164215
-8.256746 -170.303257
-20.697132 -134.548427
-29.157325 -72.760064
-31.998017 3.164388
-28.662936 78.581222
-19.787752 138.924801
-7.078940 172.520667
7.014323 172.844121
19.772153 139.787338
28.728860 79.688931
32.149490 4.118594
29.365884 -72.350174
20.907170 -134.950498
8.399207 -171.573726
-5.747912 -175.111549
-18.804246 -144.835617
-28.246794 -86.546899
-32.247026 -11.464267
-30.024975 65.934771
-22.001294 130.705614
-9.717655 170.322117
4.459462 177.099015
17.794668 149.682741
27.711443 93.321475
32.289940 18.860577
30.638654 -59.344300
23.067999 -126.194870
11.031994 -168.765077
-3.150983 -178.800410
-16.744759 -154.318431
-27.123221 -100.000188
-32.277634 -26.295265
-31.205427 52.588436
-24.105181 121.423489
-12.339921 166.902362
1.824538 180.210064
15.655941 158.732675
26.482633 106.570613
32.209601 33.755891
31.723869 -45.677236
25.110773 -116.397195
13.639121 -164.734252
-0.482238 -181.322752
-14.529717 -162.915746
-25.790281 -113.020392
-32.085425 -41.229850
-32.192624 38.621116
-26.082739 111.122204
-14.927272 162.261555
-0.873754 182.133712
13.367668 166.858221
25.046862 119.337258
31.904780 48.704394
32.610408 -31.430845
27.019082 -105.605221
16.202049 -159.485613
2.241234 -182.638655
-12.171455 -170.551004
-24.253168 -125.509054
-31.667438 -56.166649
-32.976012 24.117526
-27.917848 99.853432
-17.461128 156.408303
-3.617956 182.833778
10.942809 173.985338
23.410085 131.523757
31.373263 63.603643
33.288307 -16.692578
28.777127 -93.874497
18.702188 -153.032040
5.001637 -182.715778
-9.683538 -177.152832
-22.518591 -137.369500
-31.022218 -71.002320
-33.546244 9.167725
-29.595062 87.676540
-19.922920 149.359774
-6.389959 182.281857
8.395517 180.045471
21.579759 143.034591
30.614363 78.349567
33.748858 -1.554973
30.369847 -81.268141
21.121025 -145.394997
7.780576 -181.529734
-7.080690 -182.655638
-20.594752 -148.507540
-30.149857 -85.632233
-33.895269 -6.133405
-31.099733 74.658322
-22.294222 141.141736
-9.171114 180.457658
5.741065 184.976130
19.564825 153.777076
29.628955 92.837151
33.984688 13.884887
31.783034 -67.856543
23.440251 -136.604554
10.559175 -179.064409
-4.378713 -187.000171
-18.491322 -158.832173
-29.052017 -99.951164
-34.016412 -21.686724
-32.418125 60.872683
-24.556878 131.788549
-11.942345 177.349310
2.995762 188.721436
17.375675 163.662066
28.419498 106.961145
33.989836 29.525956
33.003450 -53.717027
25.641897 -126.699345
13.318194 -175.312232
-1.594399 -190.134057
-16.219402 -168.256275
-27.731956 -113.854020
-33.904446 -37.389437
-33.537524 46.400259
-26.693136 121.343092
-14.684282 172.953599
0.176860 191.232643
15.024106 172.604628
26.990048 120.616791
33.759826 45.263851
34.018936 -38.933440
27.708460 -115.726460
16.038160 -170.274393
1.254566 -192.012293
-13.791472 -176.697277
-26.194531 -127.236560
-33.555657 -53.135736
-34.446351 31.327997
-28.685776 109.856630
-17.377381 167.276159
-2.697547 192.468606
12.523266 180.524722
25.346263 133.700552
33.291721 60.991506
34.818516 -23.595704
29.623036 -103.741289
18.699496 -163.961005
4.149707 -192.597698
-11.221333 -184.077825
-24.446199 -139.996139
-32.967899 -68.817473
-35.134261 15.748667
-30.518240 97.388620
-20.002064 160.331605
-5.608633 192.396213
9.887592 187.347838
23.495393 146.110859
32.584176 76.599868
35.392501 -7.799306
31.369445 -90.807293
21.282652 -156.391203
7.071876 -191.861328
-8.524036 -190.326415
-22.494997 -152.032446
-32.140638 -84.324866
-35.592239 -0.239664
-32.174761 84.006456
-22.538845 152.143605
-8.536956 190.990771
7.132728 193.005630
21.446261 157.748847
31.637478 91.978607
35.732571 8.355252
32.932362 -76.995723
23.768243 -147.593186
10.001367 -189.782826
-5.715801 -195.378000
-20.350526 -163.248246
-31.074989 -99.547224
-35.812687 -16.534209
-33.640486 69.785160
-24.968474 142.744886
-11.462580 188.236339
4.275448 197.436496
19.209231 168.519091
30.453573 107.016860
35.831871 24.763054
34.297437 -62.385276
26.137188 -137.604200
12.918045 -186.350733
-2.813928 -199.174566
-18.023906 -173.550111
-29.773737 -114.373698
-35.789505 -33.028085
-34.901594 54.807005
-27.272070 132.177186
-14.365202 184.126006
1.333556 200.586144
16.796171 178.330339
29.036090 121.603983
35.685075 41.315411
35.451411 -47.061693
28.370842 -126.470449
15.801476 -181.562741
0.163300 -201.665669
-15.527734 -182.849137
-28.241351 -128.694045
-35.518163 -49.610968
-35.945419 39.161085
-29.431264 120.491140
-17.224290 178.662110
-1.674217 202.408101
14.220390 187.096214
27.390341 135.630325
35.288461 57.900543
36.382232 -31.117304
30.451142 -114.246950
18.631062 -175.425879
3.196727 -202.808929
-12.876020 -191.061651
-26.483987 -142.399401
-34.995760 -66.169795
-36.760550 22.942835
-31.428330 107.746097
-20.019216 171.856406
-4.728319 202.864191
11.496585 194.735916
25.523320 148.988007
34.639963 74.404286
37.079160 -14.650511
32.360736 -100.997322
21.386182 -167.956649
6.266441 -202.570479
-10.084125 -198.109889
-24.509476 -155.383064
-34.221077 -82.589493
-37.336942 6.253488
-33.246323 94.009877
-22.729401 163.730161
-7.808505 201.924956
8.640757 201.174880
23.443691 161.571699
33.739221 90.710844
37.532868 2.234771
34.083118 -86.793513
24.046332 -159.181092
9.351893 -200.925363
-7.168672 -203.922648
-22.327303 -167.541271
-33.194619 -98.753735
-37.666009 -10.800515
-34.869212 79.358470
-25.334454 154.314190
-10.893957 199.570028
5.670131 206.345419
21.161752 173.279398
32.587610 106.703557
37.735532 19.429731
35.602764 -71.715460
26.591271 -149.134794
12.432030 -197.857879
-4.147462 -208.435905
-19.948574 -178.773976
-31.918641 -114.545722
-37.740710 -28.108158
-36.282007 63.875659
-27.814320 143.648832
-13.963422 195.788446
2.603057 210.187320
18.689403 184.013204
31.188271 122.265687
37.680916 36.821318
36.905250 -55.850688
29.001167 -137.862818
15.485432 -193.361871
-1.039368 -211.593398
-17.385967 -188.985610
-30.397170 -129.848982
-37.555630 -45.554531
-37.470884 47.652599
-30.149423 131.783846
-16.995346 190.578912
-0.541095 212.648407
16.040088 193.680070
29.546120 137.281233
37.364442 54.292944
37.977381 -39.293857
31.256739 -125.419582
18.490449 -187.440949
2.135770 -213.347165
-14.653679 -198.085833
-28.636011 -144.548186
-37.107049 -63.021552
-38.423303 30.787322
-32.320816 118.778256
-19.968022 183.949987
-3.742045 213.685056
13.228738 202.192541
27.667846 151.635739
36.783260 71.725222
38.807300 -22.146235
33.339404 -111.868655
21.425351 -180.108656
5.357265 -213.658039
-11.767353 -205.990256
-26.642736 -158.529962
-36.392996 -80.388722
-39.128118 13.384193
-34.310315 104.700114
-22.859733 175.920219
-6.978733 213.262665
10.271691 209.469472
25.561902 165.217124
35.936293 88.996739
39.384598 -4.515133
35.231417 -97.282500
24.268475 -171.388564
8.603715 -212.496083
-8.744001 -212.621143
-24.426673 -171.683721
-35.413302 -97.533913
-39.575683 -4.446691
-36.100648 89.626208
-25.648905 166.518212
-10.229445 211.356060
7.186607 215.436702
23.238482 177.916497
34.824288 105.984855
39.700416 13.486727
36.916012 -81.742140
26.998374 -161.314306
11.853129 -209.840979
-5.601909 -217.908077
-21.998870 -183.902476
-34.169633 -114.334181
-39.757946 -22.590151
-37.675588 73.641696
-28.314259 155.782616
-13.471950 207.949857
3.992375 220.027711
20.709479 189.628977
33.449836 122.566532
39.747531 31.741886
38.377534 -65.336760
29.593973 -149.929532
15.083074 -205.682350
-2.360540 -221.788583
-19.372054 -195.083651
-32.665513 -130.666603
-39.668538 -40.926629
-39.020088 56.839680
-30.834963 143.762057
-16.683649 203.038757
0.709002 223.184222
17.988438 200.254494
31.817397 138.619173
39.520445 50.128871
39.601573 -48.163253
32.034721 -137.287806
18.270818 -200.020029
0.959583 -224.208722
-16.560573 -205.129877
-30.906338 -146.409127
-39.302846 -59.332926
-40.120403 39.320710
-33.190784 130.514992
-19.841718 196.627772
-2.642504 224.856763
15.090495 209.698571
29.933302 154.021486
39.015449 68.522955
40.575083 -30.325693
34.300743 -123.452424
21.393487 -192.864251
4.336998 -225.123622
-13.580331 -213.949766
-28.899372 -161.441432
-38.658080 -77.682990
-40.964215 21.192238
-35.362242 116.109491
-22.923267 188.732393
-6.040257 225.005185
12.032300 217.873094
27.805746 168.654340
38.230686 86.796963
41.286502 -11.934753
36.372990 -108.496159
24.428212 -184.235787
7.749430 -224.497964
-10.448706 -221.458656
-26.653736 -175.645799
-37.733331 -95.848729
-41.540746 2.568000
-37.330757 100.622953
-25.905493 179.378684
-9.461630 223.599109
8.831936 224.697037
25.444767 182.401641
37.166201 104.822099
41.725859 6.892931
38.233388 -92.500948
27.352297 -174.165999
11.173936 -222.306415
-7.184458 -227.579331
-24.180375 -188.907969
-36.529606 -113.700862
-41.840858 -16.432642
-39.078797 84.141751
-28.765842 168.603304
-12.883398 220.618335
5.508816 230.097160
22.862210 195.151183
35.823975 122.468813
41.884874 26.035454
39.864980 -75.557492
30.143372 -162.696830
14.587045 -218.533990
-3.807627 -232.242695
-21.492025 -201.118006
-35.049865 -131.109786
-41.857151 -35.685427
-40.590016 66.760804
-31.482170 156.453458
-16.281885 216.053172
2.083577 234.008671
20.071684 206.795510
34.207951 139.607677
41.757048 45.366387
41.252069 -57.764806
32.779558 -149.880717
17.964914 -213.176357
-0.339417 -235.388409
-18.603152 -212.171140
-33.299035 -147.946474
-41.584046 -55.061952
-41.849395 48.583088
-34.032903 142.986773
-19.633120 209.904707
-1.422040 236.375831
17.088499 217.232744
32.324041 156.110286
41.337744 64.755559
42.380345 -39.229688
35.239625 -135.780427
21.283485 -206.240075
3.197927 -236.965476