0.972552
0.972459
0.972367
0.972274
0.972182
0.972090
0.971997
0.971905
0.971813
0.971720
0.971628
0.971536
0.971443
0.971351
0.971259
0.971167
0.971074
0.970982
0.970890
0.970798
0.970705
0.970613
0.970521
0.970429
0.970337
0.970244
0.970152
0.970060
0.969968
0.969876
0.969784
0.969692
0.969599
0.969507
0.969415
0.969323
0.969231
0.969139
0.969047
0.968955
0.968863
0.968771
0.968679
0.968587
0.968495
0.968403
0.968311
0.968219
0.968127
0.968035
0.967943
0.967851
0.967759
0.967667
0.967575
0.967483
0.967391
0.967299
0.967207
0.967116
0.967024
0.966932
0.966840
0.966748
0.966656
0.966565
0.966473
0.966381
0.966289
0.966197
0.966106
0.966014
0.965922
0.965830
0.965738
0.965647
0.965555
0.965463
0.965372
0.965280
0.965188
0.965096
0.965005
0.964913
0.964821
0.964730
0.964638
0.964546
0.964455
0.964363
0.964272
0.964180
0.964088
0.963997
0.963905
0.963814
0.963722
0.963631
0.963539
0.963448
0.963356
0.963265
0.963173
0.963082
0.962990
0.962899
0.962807
0.962716
0.962624
0.962533
0.962441
0.962350
0.962258
0.962167
0.962076
0.961984
0.961893
0.961801
0.961710
0.961619
0.961527
0.961436
0.961345
0.961253
0.961162
0.961071
0.960979
0.960888
0.960797
0.960706
0.960614
0.960523
0.960432
0.960341
0.960249
0.960158
0.960067
0.959976
0.959885
0.959793
0.959702
0.959611
0.959520
0.959429
0.959338
0.959246
0.959155
0.959064
0.958973
0.958882
0.958791
0.958700
0.958609
0.958518
0.958427
0.958336
0.958245
0.958154
0.958063
0.957972
0.957881
0.957790
0.957699
0.957608
0.957517
0.957426
0.957335
0.957244
0.957153
0.957062
0.956971
0.956880
0.956789
0.956698
0.956607
0.956516
0.956426
0.956335
0.956244
0.956153
0.956062
0.955971
0.955881
0.955790
0.955699
0.955608
0.955517
0.955427
0.955336
0.955245
0.955154
0.955064
0.954973
0.954882
0.954792
0.954701
0.954610
0.954519
0.954429
0.954338
0.954247
0.954157
0.954066
0.953976
0.953885
0.953794
0.953704
0.953613
0.953523
0.953432
0.953341
0.953251
0.953160
0.953070
0.952979
0.952889
0.952798
0.952708
0.952617
0.952527
0.952436
0.952346
0.952255
0.952165
0.952074
0.951984
0.951893
0.951803
0.951713
0.951622
0.951532
0.951441
0.951351
0.951261
0.951170
0.951080
0.950990
0.950899
0.950809
0.950719
0.950628
0.950538
0.950448
0.950357
0.950267
0.950177
0.950086
0.949996
0.949906
0.949816
0.949726
0.949635
0.949545
0.949455
0.949365
0.949275
0.949184
0.949094
0.949004
0.948914
0.948824
0.948734
0.948643
0.948553
0.948463
0.948373
0.948283
0.948193
0.948103
0.948013
0.947923
0.947833
0.947743
0.947653
0.947563
0.947473
0.947383
0.947293
0.947203
0.947113
0.947023
0.946933
0.946843
0.946753
0.946663
0.946573
0.946483
0.946393
0.946303
0.946213
0.946123
0.946034
0.945944
0.945854
0.945764
0.945674
0.945584
0.945494
0.945405
0.945315
0.945225
0.945135
0.945045
0.944956
0.944866
0.944776
0.944686
0.944597
0.944507
0.944417
0.944327
0.944238
0.944148
0.944058
0.943969
0.943879
0.943789
0.943700
0.943610
0.943520
0.943431
0.943341
0.943252
0.943162
0.943072
0.942983
0.942893
0.942804
0.942714
0.942625
0.942535
0.942445
0.942356
0.942266
0.942177
0.942087
0.941998
0.941908
0.941819
0.941729
0.941640
0.941551
0.941461
0.941372
0.941282
0.941193
0.941103
0.941014
0.940925
0.940835
0.940746
0.940656
0.940567
0.940478
0.940388
0.940299
0.940210
0.940120
0.940031
0.939942
0.939853
0.939763
0.939674
0.939585
0.939495
0.939406
0.939317
0.939228
0.939139
0.939049
0.938960
0.938871
0.938782
0.938693
0.938603
0.938514
0.938425
0.938336
0.938247
0.938158
0.938069
0.937979
0.937890
0.937801
0.937712
0.937623
0.937534
0.937445
0.937356
0.937267
0.937178
0.937089
0.937000
0.936911
0.936822
0.936733
0.936644
0.936555
0.936466
0.936377
0.936288
0.936199
0.936110
0.936021
0.935932
0.935843
0.935754
0.935665
0.935577
0.935488
0.935399
0.935310
0.935221
0.935132
0.935043
0.934955
0.934866
0.934777
0.934688
0.934599
0.934511
0.934422
0.934333
0.934244
0.934156
0.934067
0.933978
0.933889
0.933801
0.933712
0.933623
0.933535
0.933446
0.933357
0.933269
0.933180
0.933091
0.933003
0.932914
0.932825
0.932737
0.932648
0.932560
0.932471
0.932382
0.932294
0.932205
0.932117
0.932028
0.931940
0.931851
0.931763
0.931674
0.931586
0.931497
0.931409
0.931320
0.931232
0.931143
0.931055
0.930966
0.930878
0.930789
0.930701
0.930613
0.930524
0.930436
0.930347
0.930259
0.930171
0.930082
0.929994
0.929906
0.929817
0.929729
0.929641
0.929552
0.929464
0.929376
0.929287
0.929199
0.929111
0.929023
0.928934
0.928846
0.928758
0.928670
0.928581
0.928493
0.928405
0.928317
0.928229
0.928140
0.928052
0.927964
0.927876
0.927788
0.927700
0.927611
0.927523
0.927435
0.927347
0.927259
0.927171
0.927083
0.926995
0.926907
0.926819
0.926731
0.926643
0.926555
0.926467
0.926379
0.926291
0.926203
0.926115
0.926027
0.925939
0.925851
0.925763
0.925675
0.925587
0.925499
0.925411
0.925323
0.925235
0.925147
0.925059
0.924972
0.924884
0.924796
0.924708
0.924620
0.924532
0.924444
0.924357
0.924269
0.924181
0.924093
0.924005
0.923918
0.923830
0.923742
0.923654
0.923567
0.923479
0.923391
0.923303
0.923216
0.923128
0.923040
0.922953
0.922865
0.922777
0.922690
0.922602
0.922514
0.922427
0.922339
0.922252
0.922164
0.922076
0.921989
0.921901
0.921814
0.921726
0.921638
0.921551
0.921463
0.921376
0.921288
0.921201
0.921113
0.921026
0.920938
0.920851
0.920763
0.920676
0.920588
0.920501
0.920413
0.920326
0.920239
0.920151
0.920064
0.919976
0.919889
0.919802
0.919714
0.919627
0.919539
0.919452
0.919365
0.919277
0.919190
0.919103
0.919016
0.918928
0.918841
0.918754
0.918666
0.918579
0.918492
0.918405
0.918317
0.918230
0.918143
0.918056
0.917968
0.917881
0.917794
0.917707
0.917620
0.917532
0.917445
0.917358
0.917271
0.917184
0.917097
0.917010
0.916923
0.916835
0.916748
0.916661
0.916574
0.916487
0.916400
0.916313
0.916226
0.916139
0.916052
0.915965
0.915878
0.915791
0.915704
0.915617
0.915530
0.915443
0.915356
0.915269
0.915182
0.915095
0.915008
0.914921
0.914834
0.914747
0.914661
0.914574
0.914487
0.914400
0.914313
0.914226
0.914139
0.914052
0.913966
0.913879
0.913792
0.913705
0.913618
0.913532
0.913445
0.913358
0.913271
0.913185
0.913098
0.913011
0.912924
0.912838
0.912751
0.912664
0.912577
0.912491
0.912404
0.912317
0.912231
0.912144
0.912057
0.911971
0.911884
0.911798
0.911711
0.911624
0.911538
0.911451
0.911365
0.911278
0.911191
0.911105
0.911018
0.910932
0.910845
0.910759
0.910672
0.910586
0.910499
0.910413
0.910326
0.910240
0.910153
0.910067
0.909980
0.909894
0.909807
0.909721
0.909635
0.909548
0.909462
